-0.0144316  -0.00627668  0.00153484  0.146841  -0.212425  0.215132  
-0.0128954  -0.00613607  0.00205941  0.146091  -0.14727  0.291488  
-0.0126084  -0.00543142  0.00248697  0.134275  -0.238351  0.16576  
-0.0126538  -0.00564362  0.00224476  0.134283  -0.185826  0.175596  
-0.0102785  -0.00476749  0.00187244  0.122164  -0.143386  0.117531  
0.0005342  -0.00246297  0.000554411  0.0348495  -0.0490021  -0.00105002  
0.00105229  -0.00189  0.000410094  0.0354644  0.0298143  -0.00778965  
0.000813074  -0.00159273  0.000465212  0.0216595  0.0352131  0.0219771  
0.00120832  -0.00134929  8.08024e-06  0.0189862  0.0228828  0.0382617  
0.00069745  -0.00161951  0.000284442  0.024056  0.0460599  0.0331132  
-0.000608919  -0.00140697  0.000523816  0.0265636  0.027138  0.0350885  
-0.0014235  -0.00134929  0.000566263  0.0368934  -0.00784728  0.038427  
-0.00123565  -0.00185327  0.000915207  0.0427963  0.0194789  0.0738282  
-0.00123565  -0.00134929  0.000804962  0.0427344  -0.025179  0.0516355  
-0.00118119  -0.00134929  0.000531719  0.0428048  0.0659555  0.0603189  
-0.000957005  -0.00126373  0.000531719  0.0428008  0.0132248  0.0313094  
-0.000710812  -0.00127521  0.000531719  0.0428013  0.0830982  0.0431643  
-0.00120729  -0.00134929  0.00053172  0.0428048  0.0492868  0.0337072  
-0.000561463  -0.000792246  0.000531719  0.0273703  0.0952637  0.0511299  
-0.00098249  -0.000792246  0.000531719  0.0252086  -0.0201075  0.0317724  
-0.000510053  -0.000902929  0.00053172  0.0347818  0.0693433  0.0763942  
-0.000296077  -0.000677972  0.000531719  0.0242045  -0.0717337  0.044023  
-0.000221105  -0.000792246  0.000531719  0.0186078  -0.0522929  0.0431499  
0.000469148  -0.000519594  0.000583734  0.0188506  -0.00119727  0.0338513  
1.2375e-05  -0.000792246  0.000831294  0.0201256  0.0143606  0.0533717  
0.000194627  -0.00044112  0.000909621  0.0214546  -0.0578344  0.0494477  
0.00015637  -0.000783034  0.000530547  0.0232048  0.0397938  0.0655654  
0.000326075  -0.000860621  0.000530547  0.0296323  -0.0378769  0.0511268  
-2.57418e-05  -0.00115849  0.000530547  0.0123531  -0.00443681  0.0691009  
-5.488e-05  -0.000679394  0.000268595  0.0107891  -0.0378713  0.0512471  
-0.000280113  -0.000783034  0.000256379  0.0143915  -0.0378765  0.0473294  
-0.00010056  -0.000783034  0.000373027  0.0174265  0.0388014  0.0294038  
7.01621e-05  -0.000783034  0.000530547  0.0139162  0.0256963  0.0437554  
-6.71454e-05  -0.000783034  0.000530547  0.0149313  -0.000293127  0.0439024  
0.000102133  -0.000783034  0.000282286  0.0215616  0.0354474  0.0369191  
-0.000126319  -0.000783034  0.000284957  0.0281275  -0.0363185  0.0274062  
8.00406e-05  -0.000783034  0.000530547  0.0159767  0.0639688  0.0571573  
1.58796e-05  -0.000783034  0.000530547  0.017836  -0.0262176  0.0232116  
0.000135049  -0.000783034  0.000106958  0.0159629  0.019519  0.028833  
0.000375051  -0.000783034  0.000530547  0.0139727  -0.000398103  0.0313541  
0.000298927  -0.000783034  0.000397695  0.0145734  0.0774835  0.0288284  
2.92649e-05  -0.000783034  0.000530547  0.0208475  0.0545546  0.0421534  
-0.000205143  -0.000783034  0.000313958  0.0209266  0.0609786  0.0394223  
-2.46749e-05  -0.000853388  0.000337147  0.0194432  0.0301144  0.0236479  
3.80253e-05  -0.000783034  0.000530547  0.0167007  0.0200553  0.0444683  
4.27502e-05  -0.000783034  0.000530547  0.0192544  -0.0179986  0.0466303  
0.000354726  -0.000783034  0.00012291  0.0204668  0.0590808  0.0367005  
0.000213802  -0.000783034  0.00012291  0.023087  0.0418602  0.0238601  
0.000254394  -0.000783034  0.00012291  0.0209029  0.0653372  0.0173163  
0.000100434  -0.000783034  0.00012291  0.0248658  0.0168901  0.0203271  
0.000100434  -0.000879325  0.000454347  0.0261748  0.0837446  0.023865  
2.63148e-05  -0.000454132  0.000375136  0.0243533  0.0347632  0.0165895  
0.000100434  -0.000419702  0.000602833  0.0232733  0.0322534  0.00970648  
-0.000382009  -0.0006912  0.000602833  0.0208482  0.047183  0.0238849  
2.51518e-05  -0.000633284  0.000602833  0.0198423  0.00903667  0.0238667  
-9.51665e-05  -0.00101147  0.000602833  0.023343  0.0755136  0.0238761  
0.000100434  -0.000563874  0.000498432  0.0199761  0.0376256  0.0127507  
-0.000309493  -0.000633284  0.000356254  0.0198197  0.0748501  0.0409676  
0.000100434  -0.000633284  0.000390434  0.0306673  0.00475069  0.00487317  
0.000379074  -0.000633284  0.000433305  0.0185659  0.085135  0.0409182  
0.000347719  -0.000575638  0.000329652  0.0174818  0.0228728  0.0330543  
0.000158494  -0.000701144  0.000483513  0.0266358  0.00235546  -0.000651716  
-0.00137721  -0.000807913  0.000602833  0.0160347  0.0704699  0.0518201  
-0.000674562  -0.000633283  0.000417455  0.00834723  -0.0046938  0.034381  
-0.000701313  -0.000445203  0.000602833  0.0231466  0.00861397  -0.00797089  
-0.000589318  -0.000633283  0.000602833  0.0148463  0.123099  0.0342299  
-0.000837954  -0.000633283  0.000602833  0.0250051  0.0166613  -0.00654169  
-0.000827143  -0.000633283  0.000536137  0.00834302  0.0722979  0.0149195  
-0.000195584  -0.000633283  0.000602833  0.00834568  0.0129205  0.020801  
-0.000354656  -0.000633283  0.000602833  0.0157031  -0.0796093  -0.0203162  
-0.000454266  -6.24557e-05  0.000498539  0.00832962  0.113351  0.0143185  
-0.000497801  0.000101878  0.000566474  0.0152431  0.0249204  -0.00968408  
-0.000340747  -0.000137352  0.000435535  0.00826559  0.0631651  0.0166332  
-0.000397014  -0.000288895  0.000315471  0.00830362  -0.0373127  0.00357601  
-0.000174274  -0.000633283  0.00029456  0.00831202  -0.00218619  0.0218616  
-0.000658825  -0.000183002  0.00031305  0.00831044  -0.0218098  -0.00156318  
-0.000550044  -0.000105467  0.000286097  0.00831626  -0.0087868  0.000120196  
-0.000577227  -0.000633282  0.000176561  0.00832857  0.0770385  0.0293452  
-0.000413336  2.74508e-05  0.000286097  0.00831477  -0.0168462  0.00679088  
-0.000317048  -0.000158765  0.000286097  0.00831529  0.0274747  0.0293799  
-0.000317048  9.99833e-07  0.000286097  0.00829559  -0.0199529  0.0293814  
-0.000492737  -0.000231446  0.000286097  4.50196e-05  -0.0128892  0.0228054  
-0.000317048  -0.000285039  0.000286098  -0.0021062  0.0492656  0.031496  
-0.000750904  6.47069e-05  0.000286097  0.00830401  0.0346292  0.0293637  
-0.000317048  -0.000116867  0.000286097  0.00831752  -0.00392753  -0.00208055  
-0.000252874  -4.8414e-05  0.000286098  -0.00482139  0.0303653  0.0241402  
3.55367e-05  0.00036853  -4.26564e-05  0.008319  0.0079918  0.00980857  
-0.000317048  -2.88066e-05  0.000286097  0.00831908  0.0443601  0.0293849  
-0.000179404  0.000246802  0.000286097  0.0083108  0.044363  -0.0170312  
-0.000317048  -0.000119368  0.000286097  0.00832447  0.0384321  0.00157831  
-7.99605e-05  0.000153035  3.33781e-05  -0.00107098  0.0303177  -0.0267078  
-5.92798e-06  -0.000266216  -0.000135513  0.00830872  0.0808382  0.00133614  
7.61444e-05  -0.000139607  0.000100809  -0.00225277  -0.0364978  -0.0121786  
-4.0168e-05  -0.000336954  -0.000135513  0.00830802  0.0365115  0.00499605  
0.000357954  0.000196254  -0.000135513  0.00829212  0.0105074  -0.0112597  
0.000165011  0.000140745  -3.07857e-05  0.00830928  0.0712002  0.00853838  
1.32844e-05  0.000223497  0.000335719  0.00832698  -0.00225441  -0.00169019  
-1.85891e-05  0.000106861  -8.88996e-05  0.00828944  0.107904  -0.00164029  
-0.000249314  -5.49419e-05  -2.66723e-05  0.00827706  0.00945016  -0.0173706  
-0.000524108  -0.000324968  -8.88996e-05  0.0082775  0.0207619  -0.00157451  
-0.000525264  -0.000293069  -8.88996e-05  0.00827158  0.00944243  -0.00439848  
-0.000468609  -0.000633281  -8.88996e-05  0.00828131  0.0436235  0.00875507  
-0.000468609  -0.00031369  0.000438444  0.00826899  0.0394704  -0.00157417  
-0.000468609  -0.000319596  8.83095e-05  0.0125076  0.0897699  -0.00157069  
-0.000487274  6.48043e-06  0.000438444  0.0120114  0.017796  -0.00156531  
-0.000201495  -0.000149596  0.000205613  0.00825299  0.0601751  0.0167609  
-0.0005178  -3.9642e-05  0.000438444  0.00826627  -0.0151547  -0.00950175  
-0.000209021  -6.71203e-05  0.000265969  0.00825953  0.0877882  0.0100037  
-0.000257686  -9.80292e-05  0.000329108  0.00828434  -0.0381275  -0.0149889  
-0.000575095  -0.00063328  0.000438444  0.0082719  0.0398386  0.0168632  
-0.000967868  -0.000726631  0.000618912  0.00827171  0.0302438  0.0168498  
-0.000433762  -0.00063328  0.000364977  0.00827548  -0.00702433  0.0168752  
-0.000604052  -0.00063328  0.000438444  0.00827191  0.0587049  -0.0053771  
-0.000433762  -0.000198011  0.000438444  0.00826574  0.0471296  0.0071918  
-0.000433762  -0.00063328  0.000438444  0.0188087  0.0672415  -0.0012078  
-0.000749208  -0.000379496  0.000438444  0.0193088  -0.0198114  -0.027358  
-0.000331388  -0.00051741  0.000860667  0.0165643  0.0521986  -0.00426381  
-0.000268954  -0.000178831  0.000438444  0.0201856  -0.00358436  -0.00425139  
-0.000465537  -0.000698127  0.000739083  0.0238831  0.0184265  -0.0338041  
-0.000327755  -0.000643468  0.000438444  0.0153415  0.0864664  -0.00531834  
-0.000257338  -0.000533828  0.000729058  0.0275178  0.0105781  -0.0344197  
-3.54866e-05  -0.000692555  0.00075924  0.0181281  0.0903947  0.00517756  
-0.000392194  -0.000765518  0.000907962  0.0181279  0.0400263  -0.070129  
-0.000162879  -0.00101051  0.000513324  0.0132998  0.0812866  -0.0350201  
-0.000162879  -0.000956688  0.000547597  0.00192738  0.0479481  -0.0350162  
-0.000324068  -0.000659302  0.000916545  0.0181265  -0.0290359  -0.0601939  
-0.000116737  -0.000674126  0.000637663  0.0143221  0.0316659  -0.0327303  
-0.000325049  -0.000537818  0.000617922  0.0207387  0.0235513  -0.0504047  
-0.00040991  -0.000614294  0.0008794  0.0181252  0.03167  -0.02805  
-0.00040991  -0.000473008  0.000968484  0.0181269  0.03167  -0.046114  
-0.000294007  -0.000519605  0.000622556  0.0180888  0.130269  -0.0288162  
-0.00040991  -0.000523306  0.000808666  0.0181103  0.0929488  -0.0506374  
-0.000510172  -0.000504032  0.000783093  0.0225663  0.0360683  -0.0491798  
-0.00047615  -0.00054734  0.000968484  0.0269869  0.074826  -0.0692091  
-0.00040991  -0.000120673  0.000569826  0.022354  0.0755678  -0.0534825  
-0.000349993  -0.000500342  0.000559434  0.0330571  0.0333841  -0.0708016  
-0.000214022  -0.000120673  0.000968484  0.0181306  0.0756741  -0.0456961  
-0.00040991  -0.00033693  0.000561683  0.0231826  0.0722509  -0.0487956  
9.40327e-06  -0.000487314  0.00051859  0.0180972  0.0590386  -0.0530838  
-0.000249217  -0.000120673  0.000676734  0.0181193  0.0756812  -0.0586292  
-0.00040991  -0.000120673  0.000834854  0.0297447  0.0429008  -0.0753465  
-0.000158274  -0.000442405  0.00071021  0.0181198  0.0956202  -0.0392354  
-0.00040991  -0.000459009  0.000577109  0.0181105  0.0574145  -0.0392325  
-0.000313971  -0.000448357  0.000642793  0.0308592  0.0418601  -0.0723263  
-0.00040991  -0.00053829  0.000830013  0.0332571  0.0418694  -0.0431617  
-0.000249051  -0.000120673  0.000749049  0.0277365  0.0313375  -0.0782459  
-0.00046791  -0.000681316  0.00105433  0.0243284  0.110134  -0.0469425  
-0.000851932  -0.000299865  0.00112555  0.0180751  0.0270985  -0.0702137  
-0.00121032  -0.000712836  0.000962668  0.0180393  0.0922735  -0.0701826  
-0.000996092  -0.00126864  0.000962668  0.0273631  0.0447276  -0.137096  
-0.00077662  -0.00099048  0.000962668  0.0244009  0.0936357  -0.0851308  
-0.00075225  -0.000946109  0.000962668  0.0274051  0.0546377  -0.106621  
-0.000552421  -0.00105272  0.000830315  0.0180129  0.119988  -0.0757326  
-0.00253807  -0.00103071  0.00117202  0.0308554  -0.0227063  -0.087989  
-0.00351097  -0.000950467  0.000962668  0.0180344  0.045417  -0.0708486  
-0.00421929  -0.0011007  0.00131361  0.0328665  0.00402405  -0.113851  
-0.0035497  -0.000956333  0.000962668  0.0378448  0.0234301  -0.0854947  
-0.00324424  -0.000968141  0.000962668  0.0494368  -0.0363162  -0.0812854  
-0.00292088  -0.000968797  0.000962668  0.0387528  0.000647703  -0.061338  
-0.00324261  -0.000970266  0.0011102  0.0528966  0.024864  -0.0789095  
-0.00297091  -0.000656962  0.000962668  0.0393062  -0.00169619  -0.0571905  
-0.00343507  -0.00108737  0.0010785  0.0457206  0.046648  -0.0613804  
-0.00313156  -0.000961279  0.000988828  0.0504762  0.0466483  -0.0402704  
-0.00365893  -0.000961279  0.0010743  0.0506488  -0.0106868  -0.0700904  
-0.0034882  -0.000961279  0.00118409  0.0443003  0.0167788  -0.040262  
-0.00343507  -0.000961279  0.00122425  0.0545302  -0.0259264  -0.0426792  
-0.00322968  -0.00113579  0.00112314  0.0412534  0.0153206  -0.0127138  
-0.00343507  -0.000961279  0.00130783  0.0481965  0.0215971  -0.0442812  
-0.00368842  -0.000961279  0.00129006  0.0506028  0.0178114  -0.05741  
-0.00365314  -0.000961279  0.00126016  0.0508149  0.0737407  -0.0388823  
-0.00386122  -0.000897075  0.00124956  0.0693774  -0.0352224  -0.0556086  
-0.00380315  -0.00125323  0.00126272  0.0464782  0.0350811  -0.0304322  
-0.00404891  -0.000961279  0.00126272  0.0608555  -0.0903871  -0.0808459  
-0.00438521  -0.00149208  0.00127135  0.0412202  -0.0176352  -0.0617171  
-0.00429084  -0.0011803  0.00155282  0.0501254  -0.038902  -0.0563494  
-0.00408522  -0.00135205  0.00169448  0.0467127  -0.042484  -0.0378617  
-0.00393064  -0.001518  0.0015657  0.0411566  0.035119  -0.0612485  
-0.00424246  -0.0018768  0.00136619  0.0411512  -0.0136683  -0.128043  
-0.00424215  -0.00201499  0.00155373  0.0411479  0.0154504  -0.0746614  
-0.00438521  -0.00191445  0.00140759  0.0521736  -0.0727467  -0.106023  
-0.00409002  -0.00207317  0.00134257  0.0458361  -0.0107447  -0.0528113  
-0.00436259  -0.001705  0.00144178  0.0640633  -0.0469188  -0.101199  
-0.00435917  -0.00197172  0.00166631  0.0499018  0.00443214  -0.0651639  
-0.00455347  -0.00215971  0.00143098  0.0723107  -0.0294107  -0.119708  
-0.00416949  -0.00215344  0.00197641  0.0722811  -0.0294434  -0.0623945  
-0.00468789  -0.00196277  0.0015218  0.0723077  -0.0396556  -0.0980878  
-0.00447051  -0.00212034  0.00150875  0.0654246  0.0155678  -0.0741954  
-0.00477474  -0.00210733  0.00197641  0.0722822  0.00941435  -0.0576797  
-0.00473881  -0.00200727  0.00197641  0.0722892  -0.0369434  -0.0693672  
-0.00448857  -0.00198055  0.00197641  0.0722858  0.0159324  -0.0373862  
-0.00468789  -0.00200581  0.00197641  0.0722752  -0.0355189  -0.0679334  
-0.00427674  -0.0021681  0.0016546  0.071863  0.0416894  -0.0508278  
