0.5 9.138734e+03 9.178166e+03 9.239957e+03 9.200525e+03
1.5 9.170604e+03 9.194290e+03 9.247150e+03 9.223465e+03
2.5 9.277202e+03 9.240049e+03 9.250326e+03 9.287479e+03
3.5 9.323561e+03 9.278841e+03 9.247146e+03 9.291866e+03
4.5 9.305671e+03 9.297304e+03 9.239192e+03 9.247559e+03
5.5 9.257047e+03 9.277333e+03 9.228780e+03 9.208494e+03
6.5 9.205127e+03 9.229151e+03 9.223833e+03 9.199808e+03
7.5 9.128793e+03 9.188684e+03 9.226066e+03 9.166176e+03
8.5 9.118652e+03 9.168318e+03 9.230181e+03 9.180515e+03
9.5 9.160060e+03 9.188798e+03 9.233281e+03 9.204543e+03
10.5 9.241311e+03 9.241826e+03 9.235015e+03 9.234500e+03
11.5 9.274655e+03 9.287969e+03 9.235850e+03 9.222536e+03
12.5 9.283759e+03 9.312197e+03 9.236223e+03 9.207784e+03
13.5 9.280800e+03 9.293556e+03 9.236376e+03 9.223620e+03
0.5 9.145820e+03 9.170670e+03 9.240082e+03 9.215232e+03
1.5 9.176118e+03 9.187139e+03 9.247268e+03 9.236247e+03
2.5 9.233010e+03 9.233232e+03 9.250437e+03 9.250215e+03
3.5 9.262372e+03 9.272355e+03 9.247252e+03 9.237269e+03
4.5 9.281020e+03 9.291144e+03 9.239292e+03 9.229168e+03
5.5 9.273007e+03 9.271489e+03 9.228874e+03 9.230392e+03
6.5 9.222234e+03 9.223607e+03 9.223921e+03 9.222548e+03
7.5 9.157240e+03 9.183338e+03 9.226149e+03 9.200051e+03
8.5 9.147109e+03 9.160848e+03 9.230258e+03 9.216519e+03
9.5 9.180109e+03 9.179456e+03 9.233352e+03 9.234006e+03
10.5 9.261727e+03 9.236736e+03 9.235081e+03 9.260073e+03
11.5 9.316213e+03 9.291110e+03 9.235910e+03 9.261013e+03
12.5 9.335052e+03 9.324787e+03 9.236278e+03 9.246543e+03
13.5 9.278696e+03 9.312698e+03 9.236426e+03 9.202424e+03
0.5 9.163574e+03 9.174086e+03 9.240138e+03 9.229626e+03
1.5 9.209452e+03 9.186764e+03 9.247323e+03 9.270011e+03
2.5 9.285228e+03 9.231018e+03 9.250490e+03 9.304699e+03
3.5 9.283475e+03 9.269418e+03 9.247301e+03 9.261359e+03
4.5 9.279121e+03 9.288025e+03 9.239339e+03 9.230436e+03
5.5 9.291889e+03 9.268426e+03 9.228919e+03 9.252382e+03
6.5 9.260704e+03 9.220680e+03 9.223965e+03 9.263989e+03
7.5 9.189032e+03 9.180687e+03 9.226306e+03 9.234651e+03
8.5 9.169928e+03 9.161374e+03 9.233905e+03 9.242460e+03
9.5 9.165337e+03 9.180660e+03 9.244182e+03 9.228859e+03
10.5 9.205303e+03 9.228244e+03 9.249075e+03 9.226135e+03
11.5 9.277841e+03 9.268156e+03 9.246715e+03 9.256400e+03
12.5 9.293937e+03 9.287397e+03 9.239119e+03 9.245659e+03
13.5 9.258538e+03 9.268049e+03 9.228847e+03 9.219335e+03
0.5 9.169928e+03 9.161374e+03 9.233905e+03 9.242460e+03
1.5 9.165337e+03 9.180660e+03 9.244182e+03 9.228859e+03
2.5 9.205303e+03 9.228244e+03 9.249075e+03 9.226135e+03
3.5 9.277841e+03 9.268156e+03 9.246715e+03 9.256400e+03
4.5 9.293937e+03 9.287397e+03 9.239119e+03 9.245659e+03
5.5 9.258538e+03 9.268049e+03 9.228847e+03 9.219335e+03
6.5 9.202843e+03 9.220418e+03 9.223957e+03 9.206383e+03
7.5 9.168198e+03 9.180444e+03 9.226207e+03 9.213960e+03
8.5 9.151125e+03 9.160539e+03 9.230315e+03 9.220902e+03
9.5 9.183057e+03 9.181448e+03 9.233409e+03 9.235018e+03
10.5 9.222005e+03 9.234876e+03 9.235137e+03 9.222266e+03
11.5 9.267103e+03 9.281396e+03 9.235967e+03 9.221674e+03
12.5 9.296385e+03 9.305987e+03 9.236334e+03 9.226733e+03
13.5 9.307677e+03 9.287694e+03 9.236482e+03 9.256465e+03
0.5 9.128177e+03 9.173375e+03 9.240182e+03 9.194985e+03
1.5 9.167471e+03 9.186095e+03 9.247366e+03 9.228742e+03
2.5 9.208863e+03 9.230381e+03 9.250531e+03 9.229013e+03
3.5 9.253118e+03 9.268804e+03 9.247342e+03 9.231655e+03
4.5 9.269195e+03 9.287432e+03 9.239379e+03 9.221142e+03
5.5 9.290134e+03 9.267855e+03 9.228960e+03 9.251238e+03
6.5 9.241238e+03 9.220141e+03 9.224006e+03 9.245104e+03
7.5 9.174181e+03 9.180161e+03 9.226233e+03 9.220253e+03
8.5 9.170198e+03 9.160267e+03 9.230339e+03 9.240270e+03
9.5 9.193561e+03 9.181203e+03 9.233429e+03 9.245787e+03
10.5 9.231335e+03 9.234662e+03 9.235153e+03 9.231827e+03
11.5 9.275177e+03 9.281208e+03 9.235979e+03 9.229948e+03
12.5 9.311348e+03 9.305817e+03 9.236344e+03 9.241876e+03
13.5 9.315522e+03 9.287539e+03 9.236491e+03 9.264474e+03
0.5 9.177308e+03 9.165694e+03 9.240183e+03 9.251797e+03
1.5 9.180893e+03 9.182486e+03 9.247366e+03 9.245773e+03
2.5 9.231569e+03 9.228876e+03 9.250530e+03 9.253223e+03
3.5 9.254865e+03 9.268269e+03 9.247339e+03 9.233935e+03
4.5 9.285948e+03 9.287306e+03 9.239374e+03 9.238016e+03
5.5 9.284565e+03 9.267887e+03 9.228951e+03 9.245630e+03
6.5 9.234408e+03 9.220237e+03 9.223994e+03 9.238165e+03
7.5 9.172718e+03 9.180201e+03 9.226217e+03 9.218734e+03
8.5 9.173691e+03 9.157941e+03 9.230322e+03 9.246072e+03
9.5 9.234000e+03 9.176769e+03 9.233411e+03 9.290642e+03
10.5 9.302431e+03 9.234250e+03 9.235135e+03 9.303316e+03
11.5 9.330173e+03 9.288805e+03 9.235960e+03 9.277328e+03
12.5 9.357506e+03 9.322644e+03 9.236323e+03 9.271185e+03
13.5 9.355337e+03 9.310708e+03 9.236466e+03 9.281095e+03
0.5 9.168180e+03 9.175606e+03 9.240038e+03 9.232612e+03
1.5 9.139003e+03 9.188472e+03 9.247220e+03 9.197751e+03
2.5 9.187497e+03 9.232915e+03 9.250385e+03 9.204967e+03
3.5 9.265504e+03 9.271502e+03 9.247196e+03 9.241198e+03
4.5 9.297217e+03 9.290295e+03 9.239234e+03 9.246156e+03
5.5 9.250168e+03 9.270879e+03 9.228815e+03 9.208103e+03
6.5 9.154144e+03 9.223317e+03 9.223862e+03 9.154689e+03
7.5 9.167792e+03 9.183511e+03 9.226206e+03 9.210487e+03
8.5 9.197052e+03 9.164403e+03 9.233809e+03 9.266458e+03
9.5 9.218686e+03 9.183898e+03 9.244089e+03 9.278878e+03
10.5 9.178850e+03 9.231697e+03 9.248988e+03 9.196141e+03
11.5 9.246571e+03 9.271829e+03 9.246634e+03 9.221375e+03
12.5 9.324807e+03 9.291293e+03 9.239045e+03 9.272559e+03
13.5 9.296785e+03 9.272157e+03 9.228780e+03 9.253408e+03
0.5 9.197052e+03 9.164403e+03 9.233809e+03 9.266458e+03
1.5 9.218686e+03 9.183898e+03 9.244089e+03 9.278878e+03
2.5 9.178850e+03 9.231697e+03 9.248988e+03 9.196141e+03
3.5 9.246571e+03 9.271829e+03 9.246634e+03 9.221375e+03
4.5 9.324807e+03 9.291293e+03 9.239045e+03 9.272559e+03
5.5 9.296785e+03 9.272157e+03 9.228780e+03 9.253408e+03
6.5 9.227963e+03 9.224712e+03 9.223900e+03 9.227151e+03
7.5 9.172623e+03 9.184905e+03 9.226160e+03 9.213878e+03
8.5 9.163655e+03 9.165154e+03 9.230280e+03 9.228781e+03
9.5 9.205409e+03 9.186230e+03 9.233386e+03 9.252566e+03
10.5 9.288280e+03 9.239858e+03 9.235128e+03 9.283551e+03
11.5 9.289908e+03 9.286608e+03 9.235973e+03 9.239273e+03
12.5 9.279364e+03 9.311444e+03 9.236354e+03 9.204274e+03
13.5 9.274871e+03 9.293379e+03 9.236512e+03 9.218003e+03
