0.5 1.073808e+04 1.080656e+04 1.079565e+04 1.072716e+04
1.5 1.077412e+04 1.077146e+04 1.077559e+04 1.077826e+04
2.5 1.079314e+04 1.072187e+04 1.073314e+04 1.080441e+04
3.5 1.074014e+04 1.069352e+04 1.069435e+04 1.074098e+04
4.5 1.073830e+04 1.069380e+04 1.067044e+04 1.071494e+04
5.5 1.079472e+04 1.073301e+04 1.067823e+04 1.073994e+04
6.5 1.086427e+04 1.078511e+04 1.071539e+04 1.079455e+04
7.5 1.084623e+04 1.081497e+04 1.075229e+04 1.078354e+04
8.5 1.075887e+04 1.081561e+04 1.077645e+04 1.071971e+04
9.5 1.077118e+04 1.078647e+04 1.078928e+04 1.077399e+04
10.5 1.079874e+04 1.075591e+04 1.079529e+04 1.083812e+04
11.5 1.081226e+04 1.074644e+04 1.079795e+04 1.086377e+04
12.5 1.082063e+04 1.075925e+04 1.079906e+04 1.086045e+04
13.5 1.074429e+04 1.079575e+04 1.079953e+04 1.074807e+04
0.5 1.065213e+04 1.082954e+04 1.079914e+04 1.062173e+04
1.5 1.065979e+04 1.078437e+04 1.077867e+04 1.065408e+04
2.5 1.073334e+04 1.072973e+04 1.073580e+04 1.073941e+04
3.5 1.067427e+04 1.069900e+04 1.069661e+04 1.067187e+04
4.5 1.067530e+04 1.069819e+04 1.067230e+04 1.064941e+04
5.5 1.063152e+04 1.073687e+04 1.067970e+04 1.057436e+04
6.5 1.072821e+04 1.078866e+04 1.071649e+04 1.065604e+04
7.5 1.076770e+04 1.081835e+04 1.075303e+04 1.070238e+04
8.5 1.078511e+04 1.081885e+04 1.077685e+04 1.074312e+04
9.5 1.073443e+04 1.078957e+04 1.078936e+04 1.073422e+04
10.5 1.079477e+04 1.075887e+04 1.079507e+04 1.083096e+04
11.5 1.075887e+04 1.074927e+04 1.079744e+04 1.080704e+04
12.5 1.075799e+04 1.076193e+04 1.079828e+04 1.079434e+04
13.5 1.085368e+04 1.079829e+04 1.079849e+04 1.085388e+04
0.5 1.086895e+04 1.081393e+04 1.079595e+04 1.085097e+04
1.5 1.079237e+04 1.077848e+04 1.077528e+04 1.078917e+04
2.5 1.071827e+04 1.072853e+04 1.073223e+04 1.072196e+04
3.5 1.070515e+04 1.069982e+04 1.069288e+04 1.069821e+04
4.5 1.068921e+04 1.069974e+04 1.066842e+04 1.065789e+04
5.5 1.070659e+04 1.073862e+04 1.067570e+04 1.064368e+04
6.5 1.082346e+04 1.079041e+04 1.071238e+04 1.074543e+04
7.5 1.086159e+04 1.082009e+04 1.074883e+04 1.079032e+04
8.5 1.078753e+04 1.082342e+04 1.077257e+04 1.073668e+04
9.5 1.078912e+04 1.078960e+04 1.078502e+04 1.078454e+04
10.5 1.072759e+04 1.073826e+04 1.079068e+04 1.078002e+04
11.5 1.073028e+04 1.070400e+04 1.079302e+04 1.081930e+04
12.5 1.073494e+04 1.069567e+04 1.079385e+04 1.083312e+04
13.5 1.074080e+04 1.072614e+04 1.079406e+04 1.080872e+04
0.5 1.076697e+04 1.083268e+04 1.079192e+04 1.072621e+04
1.5 1.081758e+04 1.078735e+04 1.077143e+04 1.080165e+04
2.5 1.074238e+04 1.073256e+04 1.072858e+04 1.073839e+04
3.5 1.072570e+04 1.070170e+04 1.068942e+04 1.071343e+04
4.5 1.074166e+04 1.070075e+04 1.066518e+04 1.070609e+04
5.5 1.072711e+04 1.073930e+04 1.067266e+04 1.066047e+04
6.5 1.078072e+04 1.079097e+04 1.070955e+04 1.069930e+04
7.5 1.085421e+04 1.082065e+04 1.074621e+04 1.077978e+04
8.5 1.085112e+04 1.082398e+04 1.077017e+04 1.079731e+04
9.5 1.079225e+04 1.079018e+04 1.078284e+04 1.078491e+04
10.5 1.070428e+04 1.073887e+04 1.078874e+04 1.075414e+04
11.5 1.069122e+04 1.070465e+04 1.079133e+04 1.077789e+04
12.5 1.071809e+04 1.069637e+04 1.079241e+04 1.081414e+04
13.5 1.070264e+04 1.072687e+04 1.079288e+04 1.076865e+04
0.5 1.083929e+04 1.083395e+04 1.079559e+04 1.080093e+04
1.5 1.083056e+04 1.078864e+04 1.077536e+04 1.081728e+04
2.5 1.074710e+04 1.073386e+04 1.073275e+04 1.074599e+04
3.5 1.064347e+04 1.070301e+04 1.069384e+04 1.063430e+04
4.5 1.069347e+04 1.070208e+04 1.066982e+04 1.066121e+04
5.5 1.073288e+04 1.074064e+04 1.067754e+04 1.066978e+04
6.5 1.084697e+04 1.079232e+04 1.071466e+04 1.076931e+04
7.5 1.083731e+04 1.082188e+04 1.075154e+04 1.076697e+04
8.5 1.080122e+04 1.082227e+04 1.077571e+04 1.075467e+04
9.5 1.072695e+04 1.079289e+04 1.078858e+04 1.072264e+04
10.5 1.073895e+04 1.076211e+04 1.079466e+04 1.077150e+04
11.5 1.075453e+04 1.075243e+04 1.079741e+04 1.079951e+04
12.5 1.071692e+04 1.076504e+04 1.079864e+04 1.075052e+04
13.5 1.080760e+04 1.080133e+04 1.079924e+04 1.080550e+04
0.5 1.092123e+04 1.081629e+04 1.080059e+04 1.090553e+04
1.5 1.082783e+04 1.078078e+04 1.078023e+04 1.082729e+04
2.5 1.074448e+04 1.073077e+04 1.073748e+04 1.075119e+04
3.5 1.071534e+04 1.070201e+04 1.069841e+04 1.071174e+04
4.5 1.072684e+04 1.070188e+04 1.067422e+04 1.069918e+04
5.5 1.070688e+04 1.074069e+04 1.068174e+04 1.064793e+04
6.5 1.084492e+04 1.079241e+04 1.071865e+04 1.077116e+04
7.5 1.084057e+04 1.082191e+04 1.075532e+04 1.077398e+04
8.5 1.086314e+04 1.082227e+04 1.077859e+04 1.081946e+04
9.5 1.076139e+04 1.078346e+04 1.077074e+04 1.074867e+04
10.5 1.068283e+04 1.073165e+04 1.073372e+04 1.068490e+04
11.5 1.072700e+04 1.070199e+04 1.069705e+04 1.072206e+04
12.5 1.071140e+04 1.070143e+04 1.067374e+04 1.068371e+04
13.5 1.071633e+04 1.074002e+04 1.068153e+04 1.065784e+04
0.5 1.086314e+04 1.082227e+04 1.077859e+04 1.081946e+04
1.5 1.076139e+04 1.078346e+04 1.077074e+04 1.074867e+04
2.5 1.068283e+04 1.073165e+04 1.073372e+04 1.068490e+04
3.5 1.072700e+04 1.070199e+04 1.069705e+04 1.072206e+04
4.5 1.071140e+04 1.070143e+04 1.067374e+04 1.068371e+04
5.5 1.071633e+04 1.074002e+04 1.068153e+04 1.065784e+04
6.5 1.085844e+04 1.079160e+04 1.071847e+04 1.078531e+04
7.5 1.088080e+04 1.082110e+04 1.075503e+04 1.081473e+04
8.5 1.085242e+04 1.082424e+04 1.077887e+04 1.080705e+04
9.5 1.071880e+04 1.079023e+04 1.079140e+04 1.071996e+04
10.5 1.056431e+04 1.073871e+04 1.079713e+04 1.062273e+04
11.5 1.065340e+04 1.070426e+04 1.079953e+04 1.074867e+04
12.5 1.076637e+04 1.069574e+04 1.080040e+04 1.087103e+04
13.5 1.073359e+04 1.072600e+04 1.080065e+04 1.080824e+04
0.5 1.081727e+04 1.082824e+04 1.079858e+04 1.078761e+04
1.5 1.084682e+04 1.078275e+04 1.077819e+04 1.084226e+04
2.5 1.072069e+04 1.072778e+04 1.073545e+04 1.072836e+04
3.5 1.064134e+04 1.069673e+04 1.069643e+04 1.064105e+04
4.5 1.066557e+04 1.069562e+04 1.067235e+04 1.064230e+04
5.5 1.069735e+04 1.073405e+04 1.068002e+04 1.064332e+04
6.5 1.073778e+04 1.078565e+04 1.071713e+04 1.066926e+04
7.5 1.085835e+04 1.081528e+04 1.075404e+04 1.079711e+04
8.5 1.074545e+04 1.081859e+04 1.077829e+04 1.070514e+04
9.5 1.066842e+04 1.078475e+04 1.079126e+04 1.067493e+04
10.5 1.075116e+04 1.073338e+04 1.079749e+04 1.081527e+04
