0.5 9.873688e+03 9.880157e+03 9.876705e+03 9.870236e+03
1.5 9.878516e+03 9.869144e+03 9.878622e+03 9.887994e+03
2.5 9.880220e+03 9.867283e+03 9.882684e+03 9.895621e+03
3.5 9.911068e+03 9.871752e+03 9.886394e+03 9.925711e+03
4.5 9.904147e+03 9.879202e+03 9.888681e+03 9.913627e+03
5.5 9.874897e+03 9.885788e+03 9.887936e+03 9.877046e+03
6.5 9.895759e+03 9.885837e+03 9.884381e+03 9.894303e+03
7.5 9.853844e+03 9.880843e+03 9.880852e+03 9.853852e+03
8.5 9.828915e+03 9.874200e+03 9.878541e+03 9.833256e+03
9.5 9.789176e+03 9.865102e+03 9.877314e+03 9.801387e+03
10.5 9.836477e+03 9.856304e+03 9.876739e+03 9.856911e+03
11.5 9.835495e+03 9.851650e+03 9.876484e+03 9.860329e+03
12.5 9.836433e+03 9.851496e+03 9.876377e+03 9.861314e+03
13.5 9.821229e+03 9.856866e+03 9.876333e+03 9.840695e+03
0.5 9.818667e+03 9.866953e+03 9.876371e+03 9.828085e+03
1.5 9.845759e+03 9.864208e+03 9.878329e+03 9.859880e+03
2.5 9.897507e+03 9.866110e+03 9.882429e+03 9.913826e+03
3.5 9.831651e+03 9.872097e+03 9.886178e+03 9.845733e+03
4.5 9.844570e+03 9.880031e+03 9.888503e+03 9.853043e+03
5.5 9.873474e+03 9.886680e+03 9.887795e+03 9.874589e+03
6.5 9.883986e+03 9.886636e+03 9.884276e+03 9.881627e+03
7.5 9.904078e+03 9.881461e+03 9.880781e+03 9.903398e+03
8.5 9.808633e+03 9.874638e+03 9.878502e+03 9.812496e+03
9.5 9.779951e+03 9.865371e+03 9.877306e+03 9.791886e+03
10.5 9.783967e+03 9.856414e+03 9.876760e+03 9.804313e+03
11.5 9.778319e+03 9.851614e+03 9.876533e+03 9.803238e+03
12.5 9.854805e+03 9.851326e+03 9.876452e+03 9.879931e+03
13.5 9.843806e+03 9.856573e+03 9.876432e+03 9.863664e+03
0.5 9.879395e+03 9.881114e+03 9.876676e+03 9.874957e+03
1.5 9.855855e+03 9.869802e+03 9.878653e+03 9.864707e+03
2.5 9.845084e+03 9.867658e+03 9.882771e+03 9.860197e+03
3.5 9.845848e+03 9.871861e+03 9.886535e+03 9.860522e+03
4.5 9.902622e+03 9.879065e+03 9.888874e+03 9.912431e+03
5.5 9.860252e+03 9.885425e+03 9.888178e+03 9.863005e+03
6.5 9.864287e+03 9.885265e+03 9.884670e+03 9.863691e+03
7.5 9.848254e+03 9.880050e+03 9.881183e+03 9.849387e+03
8.5 9.899979e+03 9.872959e+03 9.878911e+03 9.905932e+03
9.5 9.908337e+03 9.875085e+03 9.877721e+03 9.910973e+03
10.5 9.926499e+03 9.892298e+03 9.877179e+03 9.911380e+03
11.5 9.972784e+03 9.912605e+03 9.876955e+03 9.937134e+03
12.5 9.934414e+03 9.929047e+03 9.876876e+03 9.882243e+03
13.5 9.987827e+03 9.931673e+03 9.876856e+03 9.933011e+03
0.5 9.785765e+03 9.864521e+03 9.877061e+03 9.798305e+03
1.5 9.858033e+03 9.861728e+03 9.879021e+03 9.875326e+03
2.5 9.876879e+03 9.863590e+03 9.883120e+03 9.896409e+03
3.5 9.864432e+03 9.869545e+03 9.886865e+03 9.881752e+03
4.5 9.881775e+03 9.877458e+03 9.889185e+03 9.893503e+03
5.5 9.863433e+03 9.884095e+03 9.888469e+03 9.867807e+03
6.5 9.863857e+03 9.884048e+03 9.884940e+03 9.864749e+03
7.5 9.851144e+03 9.878859e+03 9.881433e+03 9.853718e+03
8.5 9.845534e+03 9.871794e+03 9.879141e+03 9.852881e+03
9.5 9.907774e+03 9.873953e+03 9.877929e+03 9.911751e+03
10.5 9.917958e+03 9.891199e+03 9.877365e+03 9.904124e+03
11.5 9.869651e+03 9.911536e+03 9.877117e+03 9.835232e+03
12.5 9.924228e+03 9.928006e+03 9.877014e+03 9.873236e+03
13.5 9.962878e+03 9.930656e+03 9.876969e+03 9.909191e+03
0.5 9.890795e+03 9.864364e+03 9.876709e+03 9.903140e+03
1.5 9.816284e+03 9.861631e+03 9.878645e+03 9.833298e+03
2.5 9.841294e+03 9.863559e+03 9.882721e+03 9.860456e+03
3.5 9.847677e+03 9.869583e+03 9.886443e+03 9.864537e+03
4.5 9.890827e+03 9.877564e+03 9.888740e+03 9.902003e+03
5.5 9.860604e+03 9.884269e+03 9.888002e+03 9.864337e+03
6.5 9.893150e+03 9.884290e+03 9.884452e+03 9.893312e+03
7.5 9.918017e+03 9.879189e+03 9.880924e+03 9.919751e+03
8.5 9.841683e+03 9.872448e+03 9.878611e+03 9.847845e+03
9.5 9.859627e+03 9.863267e+03 9.877380e+03 9.873740e+03
10.5 9.859753e+03 9.854397e+03 9.876799e+03 9.882155e+03
11.5 9.896072e+03 9.849685e+03 9.876535e+03 9.922922e+03
12.5 9.855106e+03 9.849487e+03 9.876418e+03 9.882037e+03
13.5 9.823303e+03 9.854825e+03 9.876361e+03 9.844838e+03
0.5 9.947616e+03 9.880530e+03 9.876232e+03 9.943318e+03
1.5 9.839963e+03 9.869334e+03 9.878179e+03 9.848808e+03
2.5 9.853751e+03 9.867305e+03 9.882269e+03 9.868715e+03
3.5 9.879275e+03 9.871622e+03 9.886006e+03 9.893659e+03
4.5 9.906807e+03 9.878941e+03 9.888320e+03 9.916185e+03
5.5 9.907535e+03 9.885416e+03 9.887600e+03 9.909719e+03
6.5 9.875667e+03 9.885374e+03 9.884069e+03 9.874362e+03
7.5 9.913384e+03 9.880272e+03 9.880562e+03 9.913674e+03
8.5 9.865498e+03 9.872735e+03 9.878336e+03 9.871099e+03
9.5 9.842101e+03 9.866278e+03 9.879087e+03 9.854910e+03
10.5 9.892868e+03 9.866435e+03 9.882628e+03 9.909061e+03
11.5 9.866667e+03 9.871714e+03 9.886136e+03 9.881089e+03
12.5 9.876027e+03 9.879437e+03 9.888365e+03 9.884955e+03
13.5 9.895910e+03 9.886094e+03 9.887620e+03 9.897436e+03
0.5 9.865498e+03 9.872735e+03 9.878336e+03 9.871099e+03
1.5 9.842101e+03 9.866278e+03 9.879087e+03 9.854910e+03
2.5 9.892868e+03 9.866435e+03 9.882628e+03 9.909061e+03
3.5 9.866667e+03 9.871714e+03 9.886136e+03 9.881089e+03
4.5 9.876027e+03 9.879437e+03 9.888365e+03 9.884955e+03
5.5 9.895910e+03 9.886094e+03 9.887620e+03 9.897436e+03
6.5 9.917343e+03 9.886148e+03 9.884087e+03 9.915281e+03
7.5 9.927616e+03 9.881104e+03 9.880590e+03 9.927102e+03
8.5 9.953141e+03 9.874194e+03 9.878309e+03 9.957256e+03
9.5 9.914624e+03 9.876510e+03 9.877111e+03 9.915225e+03
10.5 9.858841e+03 9.893919e+03 9.876563e+03 9.841484e+03
11.5 9.904890e+03 9.914426e+03 9.876333e+03 9.866797e+03
12.5 9.924172e+03 9.931068e+03 9.876249e+03 9.869353e+03
13.5 9.946768e+03 9.933897e+03 9.876226e+03 9.889097e+03
0.5 9.887020e+03 9.870610e+03 9.876424e+03 9.892833e+03
1.5 9.898565e+03 9.867951e+03 9.878374e+03 9.908989e+03
2.5 9.880258e+03 9.869943e+03 9.882463e+03 9.892778e+03
3.5 9.882348e+03 9.876024e+03 9.886195e+03 9.892518e+03
4.5 9.905570e+03 9.884057e+03 9.888499e+03 9.910012e+03
5.5 9.878697e+03 9.890805e+03 9.887765e+03 9.875657e+03
6.5 9.879630e+03 9.890858e+03 9.884215e+03 9.872987e+03
7.5 9.874187e+03 9.885750e+03 9.880684e+03 9.869120e+03
8.5 9.888711e+03 9.878745e+03 9.878365e+03 9.888331e+03
9.5 9.920970e+03 9.880933e+03 9.877124e+03 9.917160e+03
10.5 9.917302e+03 9.898178e+03 9.876528e+03 9.895652e+03
