0.5 9.895801e+03 9.863424e+03 9.866413e+03 9.898790e+03
1.5 9.880273e+03 9.869345e+03 9.876674e+03 9.887603e+03
2.5 9.890481e+03 9.888726e+03 9.897817e+03 9.899572e+03
3.5 9.861053e+03 9.910234e+03 9.917148e+03 9.867966e+03
4.5 9.907213e+03 9.927389e+03 9.929211e+03 9.909035e+03
5.5 9.882500e+03 9.930493e+03 9.925812e+03 9.877819e+03
6.5 9.903613e+03 9.915768e+03 9.908084e+03 9.895929e+03
7.5 9.890067e+03 9.896605e+03 9.890454e+03 9.883917e+03
8.5 9.873688e+03 9.880157e+03 9.878996e+03 9.872527e+03
9.5 9.878516e+03 9.869144e+03 9.873027e+03 9.882399e+03
10.5 9.880220e+03 9.867283e+03 9.870348e+03 9.883285e+03
11.5 9.911068e+03 9.871752e+03 9.869271e+03 9.908588e+03
12.5 9.904147e+03 9.879202e+03 9.868921e+03 9.893867e+03
13.5 9.874897e+03 9.885788e+03 9.868860e+03 9.857970e+03
0.5 9.873446e+03 9.866941e+03 9.868473e+03 9.874978e+03
1.5 9.828296e+03 9.872838e+03 9.878343e+03 9.833801e+03
2.5 9.920300e+03 9.891870e+03 9.899108e+03 9.927538e+03
3.5 9.932971e+03 9.912973e+03 9.918076e+03 9.938074e+03
4.5 9.962121e+03 9.929725e+03 9.929791e+03 9.962187e+03
5.5 9.948839e+03 9.932455e+03 9.926059e+03 9.942443e+03
6.5 9.948401e+03 9.917376e+03 9.908014e+03 9.939039e+03
7.5 9.862886e+03 9.897874e+03 9.890084e+03 9.855096e+03
8.5 9.879395e+03 9.881114e+03 9.878341e+03 9.876622e+03
9.5 9.855855e+03 9.869802e+03 9.872106e+03 9.858160e+03
10.5 9.845084e+03 9.867658e+03 9.869177e+03 9.846603e+03
11.5 9.845848e+03 9.871861e+03 9.867867e+03 9.841853e+03
12.5 9.902622e+03 9.879065e+03 9.867301e+03 9.890858e+03
13.5 9.860252e+03 9.885425e+03 9.867041e+03 9.841867e+03
0.5 9.899979e+03 9.872959e+03 9.867070e+03 9.894091e+03
1.5 9.908337e+03 9.875085e+03 9.876959e+03 9.910211e+03
2.5 9.926499e+03 9.892298e+03 9.897744e+03 9.931945e+03
3.5 9.972784e+03 9.912605e+03 9.916737e+03 9.976916e+03
4.5 9.934414e+03 9.929047e+03 9.928480e+03 9.933847e+03
5.5 9.987827e+03 9.931673e+03 9.924779e+03 9.980933e+03
6.5 9.976189e+03 9.916570e+03 9.906766e+03 9.966386e+03
7.5 9.987223e+03 9.897118e+03 9.888870e+03 9.978974e+03
8.5 9.934082e+03 9.881215e+03 9.877161e+03 9.930027e+03
9.5 9.909148e+03 9.867246e+03 9.870959e+03 9.912861e+03
10.5 9.864593e+03 9.856148e+03 9.868062e+03 9.876507e+03
11.5 9.864329e+03 9.850444e+03 9.866784e+03 9.880669e+03
12.5 9.878489e+03 9.849817e+03 9.866250e+03 9.894922e+03
13.5 9.863410e+03 9.854956e+03 9.866020e+03 9.874475e+03
0.5 9.845534e+03 9.871794e+03 9.865684e+03 9.839424e+03
1.5 9.907774e+03 9.873953e+03 9.875642e+03 9.909463e+03
2.5 9.917958e+03 9.891199e+03 9.896497e+03 9.923256e+03
3.5 9.869651e+03 9.911536e+03 9.915559e+03 9.873674e+03
4.5 9.924228e+03 9.928006e+03 9.927371e+03 9.923592e+03
5.5 9.962878e+03 9.930656e+03 9.923738e+03 9.955960e+03
6.5 9.937314e+03 9.915578e+03 9.905794e+03 9.927531e+03
7.5 9.860044e+03 9.896130e+03 9.887968e+03 9.851882e+03
8.5 9.766116e+03 9.879997e+03 9.876658e+03 9.762777e+03
9.5 9.800695e+03 9.877463e+03 9.880498e+03 9.803730e+03
10.5 9.882819e+03 9.892577e+03 9.898539e+03 9.888782e+03
11.5 9.872656e+03 9.912015e+03 9.916404e+03 9.877046e+03
12.5 9.894443e+03 9.928147e+03 9.927761e+03 9.894058e+03
13.5 9.920368e+03 9.930687e+03 9.923976e+03 9.913657e+03
0.5 9.766116e+03 9.879997e+03 9.876658e+03 9.762777e+03
1.5 9.800695e+03 9.877463e+03 9.880498e+03 9.803730e+03
2.5 9.882819e+03 9.892577e+03 9.898539e+03 9.888782e+03
3.5 9.872656e+03 9.912015e+03 9.916404e+03 9.877046e+03
4.5 9.894443e+03 9.928147e+03 9.927761e+03 9.894058e+03
5.5 9.920368e+03 9.930687e+03 9.923976e+03 9.913657e+03
6.5 9.867951e+03 9.915587e+03 9.905996e+03 9.858360e+03
7.5 9.909951e+03 9.896190e+03 9.888200e+03 9.901961e+03
8.5 9.831036e+03 9.880342e+03 9.876592e+03 9.827286e+03
9.5 9.804437e+03 9.866429e+03 9.870492e+03 9.808499e+03
10.5 9.892354e+03 9.855390e+03 9.867699e+03 9.904663e+03
11.5 9.875920e+03 9.849744e+03 9.866526e+03 9.892702e+03
12.5 9.833557e+03 9.849176e+03 9.866098e+03 9.850478e+03
13.5 9.896102e+03 9.854373e+03 9.865974e+03 9.907702e+03
0.5 9.889975e+03 9.865484e+03 9.867496e+03 9.891987e+03
1.5 9.898391e+03 9.871485e+03 9.877526e+03 9.904432e+03
2.5 9.923051e+03 9.890623e+03 9.898451e+03 9.930879e+03
3.5 9.899172e+03 9.911833e+03 9.917578e+03 9.904916e+03
4.5 9.936085e+03 9.928694e+03 9.929451e+03 9.936843e+03
5.5 9.917624e+03 9.931531e+03 9.925878e+03 9.911970e+03
6.5 9.903864e+03 9.916564e+03 9.907992e+03 9.895293e+03
7.5 9.904388e+03 9.897176e+03 9.890223e+03 9.897435e+03
8.5 9.947616e+03 9.880530e+03 9.878639e+03 9.945725e+03
9.5 9.839963e+03 9.869334e+03 9.872560e+03 9.843189e+03
10.5 9.853751e+03 9.867305e+03 9.869781e+03 9.856228e+03
11.5 9.879275e+03 9.871622e+03 9.868618e+03 9.876271e+03
12.5 9.906807e+03 9.878941e+03 9.868196e+03 9.896061e+03
13.5 9.907535e+03 9.885416e+03 9.868076e+03 9.890195e+03
0.5 9.953141e+03 9.874194e+03 9.869173e+03 9.948119e+03
1.5 9.914624e+03 9.876510e+03 9.879233e+03 9.917347e+03
2.5 9.858841e+03 9.893919e+03 9.900192e+03 9.865113e+03
3.5 9.904890e+03 9.914426e+03 9.919356e+03 9.909820e+03
4.5 9.924172e+03 9.931068e+03 9.931270e+03 9.924374e+03
5.5 9.946768e+03 9.933897e+03 9.927740e+03 9.940611e+03
6.5 9.915824e+03 9.918999e+03 9.909898e+03 9.906723e+03
7.5 9.919413e+03 9.899755e+03 9.892173e+03 9.911831e+03
8.5 9.913829e+03 9.884064e+03 9.880637e+03 9.910402e+03
9.5 9.874859e+03 9.870309e+03 9.874608e+03 9.879158e+03
10.5 9.836930e+03 9.859430e+03 9.871887e+03 9.849386e+03
11.5 9.877340e+03 9.853947e+03 9.870785e+03 9.894178e+03
12.5 9.869808e+03 9.853542e+03 9.870428e+03 9.886694e+03
13.5 9.865855e+03 9.858901e+03 9.870374e+03 9.877329e+03
0.5 9.888711e+03 9.878745e+03 9.872824e+03 9.882790e+03
1.5 9.920970e+03 9.880933e+03 9.882871e+03 9.922907e+03
2.5 9.917302e+03 9.898178e+03 9.903802e+03 9.922927e+03
