0.5 9.139546e+03 9.191812e+03 9.239237e+03 9.186971e+03
1.5 9.187936e+03 9.205193e+03 9.244923e+03 9.227667e+03
2.5 9.262096e+03 9.254415e+03 9.247435e+03 9.255116e+03
3.5 9.297811e+03 9.298573e+03 9.244925e+03 9.244163e+03
4.5 9.312397e+03 9.321703e+03 9.238644e+03 9.229338e+03
5.5 9.323968e+03 9.302362e+03 9.230419e+03 9.252025e+03
6.5 9.279967e+03 9.249315e+03 9.226509e+03 9.257161e+03
7.5 9.168579e+03 9.202604e+03 9.228271e+03 9.194246e+03
8.5 9.138734e+03 9.178166e+03 9.231520e+03 9.192089e+03
9.5 9.170604e+03 9.194290e+03 9.233969e+03 9.210283e+03
10.5 9.277202e+03 9.240049e+03 9.235340e+03 9.272493e+03
11.5 9.323561e+03 9.278841e+03 9.236000e+03 9.280720e+03
12.5 9.305671e+03 9.297304e+03 9.236296e+03 9.244663e+03
13.5 9.257047e+03 9.277333e+03 9.236419e+03 9.216133e+03
0.5 9.118652e+03 9.168318e+03 9.239354e+03 9.189688e+03
1.5 9.160060e+03 9.188798e+03 9.245036e+03 9.216298e+03
2.5 9.241311e+03 9.241826e+03 9.247545e+03 9.247030e+03
3.5 9.274655e+03 9.287969e+03 9.245034e+03 9.231720e+03
4.5 9.283759e+03 9.312197e+03 9.238751e+03 9.210312e+03
5.5 9.280800e+03 9.293556e+03 9.230522e+03 9.217766e+03
6.5 9.233686e+03 9.241036e+03 9.226607e+03 9.219258e+03
7.5 9.178177e+03 9.194741e+03 9.228365e+03 9.211801e+03
8.5 9.145820e+03 9.170670e+03 9.231609e+03 9.206760e+03
9.5 9.176118e+03 9.187139e+03 9.234053e+03 9.223033e+03
10.5 9.233010e+03 9.233232e+03 9.235420e+03 9.235197e+03
11.5 9.262372e+03 9.272355e+03 9.236076e+03 9.226093e+03
12.5 9.281020e+03 9.291144e+03 9.236367e+03 9.226244e+03
13.5 9.273007e+03 9.271489e+03 9.236485e+03 9.238003e+03
0.5 9.198715e+03 9.174539e+03 9.239410e+03 9.263586e+03
1.5 9.210453e+03 9.188736e+03 9.245086e+03 9.266803e+03
2.5 9.270236e+03 9.238750e+03 9.247591e+03 9.279077e+03
3.5 9.293723e+03 9.283688e+03 9.245075e+03 9.255109e+03
4.5 9.304477e+03 9.307584e+03 9.238786e+03 9.235679e+03
5.5 9.276547e+03 9.288987e+03 9.230552e+03 9.218113e+03
6.5 9.218907e+03 9.236645e+03 9.226633e+03 9.208896e+03
7.5 9.167816e+03 9.190482e+03 9.228386e+03 9.205720e+03
8.5 9.138205e+03 9.163634e+03 9.231626e+03 9.206198e+03
9.5 9.178258e+03 9.179802e+03 9.234066e+03 9.232522e+03
10.5 9.239706e+03 9.235950e+03 9.235429e+03 9.239185e+03
11.5 9.313001e+03 9.289880e+03 9.236081e+03 9.259201e+03
12.5 9.305160e+03 9.323436e+03 9.236369e+03 9.218093e+03
13.5 9.309100e+03 9.311362e+03 9.236483e+03 9.234222e+03
0.5 9.151125e+03 9.160539e+03 9.239360e+03 9.229947e+03
1.5 9.183057e+03 9.181448e+03 9.245034e+03 9.246644e+03
2.5 9.222005e+03 9.234876e+03 9.247537e+03 9.234666e+03
3.5 9.267103e+03 9.281396e+03 9.245019e+03 9.230726e+03
4.5 9.296385e+03 9.305987e+03 9.238729e+03 9.229128e+03
5.5 9.307677e+03 9.287694e+03 9.230495e+03 9.250478e+03
6.5 9.257321e+03 9.235513e+03 9.226576e+03 9.248383e+03
7.5 9.187934e+03 9.189436e+03 9.228328e+03 9.226827e+03
8.5 9.159235e+03 9.162652e+03 9.231567e+03 9.228150e+03
9.5 9.217518e+03 9.178878e+03 9.234004e+03 9.272645e+03
10.5 9.250640e+03 9.235073e+03 9.235363e+03 9.250930e+03
11.5 9.256998e+03 9.289039e+03 9.236013e+03 9.203972e+03
12.5 9.291805e+03 9.322623e+03 9.236299e+03 9.205481e+03
13.5 9.331869e+03 9.310577e+03 9.236412e+03 9.257705e+03
0.5 9.170198e+03 9.160267e+03 9.239294e+03 9.249225e+03
1.5 9.193561e+03 9.181203e+03 9.244968e+03 9.257326e+03
2.5 9.231335e+03 9.234662e+03 9.247472e+03 9.244146e+03
3.5 9.275177e+03 9.281208e+03 9.244956e+03 9.238925e+03
4.5 9.311348e+03 9.305817e+03 9.238668e+03 9.244200e+03
5.5 9.315522e+03 9.287539e+03 9.230435e+03 9.258419e+03
6.5 9.266984e+03 9.235374e+03 9.226517e+03 9.258128e+03
7.5 9.202458e+03 9.189427e+03 9.228271e+03 9.241302e+03
8.5 9.177308e+03 9.165694e+03 9.231512e+03 9.243126e+03
9.5 9.180893e+03 9.182486e+03 9.233954e+03 9.232362e+03
10.5 9.231569e+03 9.228876e+03 9.235318e+03 9.238011e+03
11.5 9.254865e+03 9.268269e+03 9.235973e+03 9.222569e+03
12.5 9.285948e+03 9.287306e+03 9.236264e+03 9.234906e+03
13.5 9.284565e+03 9.267887e+03 9.236383e+03 9.253061e+03
0.5 9.196492e+03 9.173036e+03 9.239326e+03 9.262782e+03
1.5 9.205989e+03 9.187395e+03 9.245006e+03 9.263601e+03
2.5 9.248028e+03 9.237555e+03 9.247514e+03 9.257987e+03
3.5 9.274401e+03 9.282622e+03 9.245003e+03 9.236782e+03
4.5 9.288658e+03 9.306634e+03 9.238718e+03 9.220742e+03
5.5 9.295099e+03 9.288148e+03 9.230489e+03 9.237440e+03
6.5 9.241385e+03 9.235922e+03 9.226575e+03 9.232037e+03
7.5 9.203947e+03 9.189968e+03 9.228423e+03 9.242401e+03
8.5 9.188738e+03 9.165644e+03 9.234426e+03 9.257519e+03
9.5 9.200940e+03 9.184072e+03 9.242546e+03 9.259413e+03
10.5 9.246032e+03 9.236343e+03 9.246418e+03 9.256107e+03
11.5 9.291248e+03 9.282401e+03 9.244559e+03 9.253406e+03
12.5 9.301551e+03 9.306856e+03 9.238564e+03 9.233259e+03
13.5 9.310936e+03 9.288567e+03 9.230450e+03 9.252819e+03
0.5 9.188738e+03 9.165644e+03 9.234426e+03 9.257519e+03
1.5 9.200940e+03 9.184072e+03 9.242546e+03 9.259413e+03
2.5 9.246032e+03 9.236343e+03 9.246418e+03 9.256107e+03
3.5 9.291248e+03 9.282401e+03 9.244559e+03 9.253406e+03
4.5 9.301551e+03 9.306856e+03 9.238564e+03 9.233259e+03
5.5 9.310936e+03 9.288567e+03 9.230450e+03 9.252819e+03
6.5 9.262676e+03 9.236445e+03 9.226586e+03 9.252817e+03
7.5 9.190834e+03 9.190464e+03 9.228360e+03 9.228730e+03
8.5 9.178263e+03 9.163790e+03 9.231604e+03 9.246077e+03
9.5 9.156889e+03 9.180137e+03 9.234048e+03 9.210800e+03
10.5 9.172018e+03 9.236460e+03 9.235413e+03 9.170971e+03
11.5 9.253526e+03 9.290559e+03 9.236069e+03 9.199036e+03
12.5 9.338975e+03 9.324276e+03 9.236360e+03 9.251058e+03
13.5 9.340663e+03 9.312361e+03 9.236477e+03 9.264779e+03
0.5 9.163655e+03 9.165154e+03 9.239339e+03 9.237840e+03
1.5 9.205409e+03 9.186230e+03 9.245008e+03 9.264188e+03
2.5 9.288280e+03 9.239858e+03 9.247505e+03 9.295927e+03
3.5 9.289908e+03 9.286608e+03 9.244981e+03 9.248281e+03
4.5 9.279364e+03 9.311444e+03 9.238684e+03 9.206604e+03
5.5 9.274871e+03 9.293379e+03 9.230442e+03 9.211934e+03
6.5 9.248888e+03 9.241383e+03 9.226514e+03 9.234020e+03
7.5 9.197633e+03 9.195453e+03 9.228258e+03 9.230439e+03
8.5 9.150129e+03 9.168795e+03 9.231490e+03 9.212823e+03
9.5 9.168965e+03 9.185167e+03 9.233921e+03 9.217719e+03
10.5 9.261717e+03 9.241561e+03 9.235274e+03 9.255430e+03
