0.5 8.977547e+03 9.033420e+03 9.052566e+03 8.996693e+03
1.5 9.031992e+03 9.050531e+03 9.082119e+03 9.063579e+03
2.5 9.105509e+03 9.106995e+03 9.144698e+03 9.143211e+03
3.5 9.147471e+03 9.156844e+03 9.201865e+03 9.192491e+03
4.5 9.164542e+03 9.182412e+03 9.237108e+03 9.219238e+03
5.5 9.176790e+03 9.159793e+03 9.225626e+03 9.242623e+03
6.5 9.130317e+03 9.099497e+03 9.170854e+03 9.201674e+03
7.5 9.015360e+03 9.046860e+03 9.116472e+03 9.084972e+03
8.5 8.978999e+03 9.020058e+03 9.080858e+03 9.039799e+03
9.5 9.022911e+03 9.042533e+03 9.061954e+03 9.042332e+03
10.5 9.137441e+03 9.101269e+03 9.053093e+03 9.089265e+03
11.5 9.197195e+03 9.150641e+03 9.049167e+03 9.095721e+03
12.5 9.183102e+03 9.174087e+03 9.047526e+03 9.056540e+03
13.5 9.133375e+03 9.148906e+03 9.046836e+03 9.031306e+03
0.5 8.955989e+03 9.011086e+03 9.047422e+03 8.992324e+03
1.5 9.007929e+03 9.033126e+03 9.077591e+03 9.052394e+03
2.5 9.093397e+03 9.092476e+03 9.140770e+03 9.141692e+03
3.5 9.135618e+03 9.144001e+03 9.198534e+03 9.190151e+03
4.5 9.148962e+03 9.170638e+03 9.234365e+03 9.212689e+03
5.5 9.145914e+03 9.148798e+03 9.223454e+03 9.220571e+03
6.5 9.084050e+03 9.089146e+03 9.169231e+03 9.164136e+03
7.5 9.022486e+03 9.037060e+03 9.115375e+03 9.100801e+03
8.5 8.992124e+03 9.010752e+03 9.080261e+03 9.061634e+03
9.5 9.031544e+03 9.033691e+03 9.061832e+03 9.059684e+03
10.5 9.101713e+03 9.092876e+03 9.053420e+03 9.062256e+03
11.5 9.139105e+03 9.142690e+03 9.049920e+03 9.046335e+03
12.5 9.156119e+03 9.166566e+03 9.048679e+03 9.038232e+03
13.5 9.146714e+03 9.141800e+03 9.048367e+03 9.053281e+03
0.5 9.039059e+03 9.011965e+03 9.052121e+03 9.079215e+03
1.5 9.058173e+03 9.030145e+03 9.082588e+03 9.110616e+03
2.5 9.121010e+03 9.087642e+03 9.146035e+03 9.179403e+03
3.5 9.148737e+03 9.138507e+03 9.204039e+03 9.214269e+03
4.5 9.159899e+03 9.165067e+03 9.240083e+03 9.234915e+03
5.5 9.133107e+03 9.143406e+03 9.229358e+03 9.219060e+03
6.5 9.070941e+03 9.084017e+03 9.175295e+03 9.162218e+03
7.5 9.006076e+03 9.032121e+03 9.121574e+03 9.095528e+03
8.5 8.972242e+03 9.002977e+03 9.086571e+03 9.055836e+03
9.5 9.015095e+03 9.021919e+03 9.068229e+03 9.061405e+03
10.5 9.083166e+03 9.083323e+03 9.059883e+03 9.059727e+03
11.5 9.165885e+03 9.140761e+03 9.056428e+03 9.081552e+03
12.5 9.157822e+03 9.174947e+03 9.055212e+03 9.038087e+03
13.5 9.161399e+03 9.159136e+03 9.054904e+03 9.057167e+03
0.5 8.999766e+03 9.002022e+03 9.058062e+03 9.055806e+03
1.5 9.036058e+03 9.024605e+03 9.088256e+03 9.099708e+03
2.5 9.075423e+03 9.084461e+03 9.151419e+03 9.142381e+03
3.5 9.120584e+03 9.136465e+03 9.209127e+03 9.193246e+03
4.5 9.158531e+03 9.163558e+03 9.244866e+03 9.239839e+03
5.5 9.166967e+03 9.142156e+03 9.233832e+03 9.258642e+03
6.5 9.102853e+03 9.082927e+03 9.179459e+03 9.199386e+03
7.5 9.028114e+03 9.031138e+03 9.125428e+03 9.122404e+03
8.5 8.998530e+03 9.002078e+03 9.090110e+03 9.086562e+03
9.5 9.067466e+03 9.021096e+03 9.071440e+03 9.117810e+03
10.5 9.102306e+03 9.082562e+03 9.062748e+03 9.082492e+03
11.5 9.109384e+03 9.140052e+03 9.058929e+03 9.028261e+03
12.5 9.142135e+03 9.174281e+03 9.057337e+03 9.025191e+03
13.5 9.179283e+03 9.158515e+03 9.056646e+03 9.077414e+03
0.5 9.007684e+03 9.002056e+03 9.052642e+03 9.058269e+03
1.5 9.039338e+03 9.024668e+03 9.082465e+03 9.097134e+03
2.5 9.079505e+03 9.084554e+03 9.145265e+03 9.140216e+03
3.5 9.127320e+03 9.136580e+03 9.202620e+03 9.193360e+03
4.5 9.170886e+03 9.163686e+03 9.238015e+03 9.245215e+03
5.5 9.176772e+03 9.142291e+03 9.226644e+03 9.261124e+03
6.5 9.118523e+03 9.083072e+03 9.171938e+03 9.207389e+03
7.5 9.043257e+03 9.031408e+03 9.117578e+03 9.129427e+03
8.5 9.017892e+03 9.005507e+03 9.081944e+03 9.094328e+03
9.5 9.028916e+03 9.028834e+03 9.062978e+03 9.063061e+03
10.5 9.092670e+03 9.088375e+03 9.054018e+03 9.058312e+03
11.5 9.123178e+03 9.138513e+03 9.049959e+03 9.034625e+03
12.5 9.159956e+03 9.162685e+03 9.048151e+03 9.045422e+03
13.5 9.160050e+03 9.138200e+03 9.047271e+03 9.069122e+03
0.5 9.030408e+03 9.010751e+03 9.045278e+03 9.064936e+03
1.5 9.050774e+03 9.029104e+03 9.075288e+03 9.096957e+03
2.5 9.098028e+03 9.086757e+03 9.138299e+03 9.149570e+03
3.5 9.130905e+03 9.137753e+03 9.195889e+03 9.189041e+03
4.5 9.146825e+03 9.164428e+03 9.231541e+03 9.213938e+03
5.5 9.151430e+03 9.142874e+03 9.220450e+03 9.229006e+03
6.5 9.087196e+03 9.083598e+03 9.166045e+03 9.169643e+03
7.5 9.040274e+03 9.031893e+03 9.112007e+03 9.120388e+03
8.5 9.031878e+03 9.004958e+03 9.077704e+03 9.104624e+03
9.5 9.047071e+03 9.026450e+03 9.089271e+03 9.109892e+03
10.5 9.102474e+03 9.085744e+03 9.143842e+03 9.160571e+03
11.5 9.150574e+03 9.137510e+03 9.197886e+03 9.210950e+03
12.5 9.164279e+03 9.164526e+03 9.232237e+03 9.231990e+03
13.5 9.167694e+03 9.143119e+03 9.220756e+03 9.245331e+03
0.5 9.031878e+03 9.004958e+03 9.077704e+03 9.104624e+03
1.5 9.047071e+03 9.026450e+03 9.089271e+03 9.109892e+03
2.5 9.102474e+03 9.085744e+03 9.143842e+03 9.160571e+03
3.5 9.150574e+03 9.137510e+03 9.197886e+03 9.210950e+03
4.5 9.164279e+03 9.164526e+03 9.232237e+03 9.231990e+03
5.5 9.167694e+03 9.143119e+03 9.220756e+03 9.245331e+03
6.5 9.113456e+03 9.083914e+03 9.166311e+03 9.195853e+03
7.5 9.025792e+03 9.032171e+03 9.112430e+03 9.106051e+03
8.5 9.012003e+03 9.003174e+03 9.077288e+03 9.086118e+03
9.5 8.995296e+03 9.022263e+03 9.058827e+03 9.031859e+03
10.5 9.015377e+03 9.083807e+03 9.050379e+03 8.981948e+03
11.5 9.102285e+03 9.141375e+03 9.046839e+03 9.007749e+03
12.5 9.195541e+03 9.175681e+03 9.045555e+03 9.065415e+03
13.5 9.196577e+03 9.159985e+03 9.045195e+03 9.081786e+03
0.5 9.000018e+03 9.005736e+03 9.048240e+03 9.042522e+03
1.5 9.045208e+03 9.028476e+03 9.078293e+03 9.095025e+03
2.5 9.136989e+03 9.088533e+03 9.141287e+03 9.189743e+03
3.5 9.134000e+03 9.140777e+03 9.198793e+03 9.192016e+03
4.5 9.124073e+03 9.168133e+03 9.234296e+03 9.190235e+03
5.5 9.118196e+03 9.146980e+03 9.222984e+03 9.194200e+03
6.5 9.096154e+03 9.087955e+03 9.168288e+03 9.176486e+03
7.5 9.041642e+03 9.036334e+03 9.113885e+03 9.119193e+03
8.5 8.991038e+03 9.007426e+03 9.078152e+03 9.061764e+03
9.5 9.012786e+03 9.026632e+03 9.059029e+03 9.045183e+03
10.5 9.111156e+03 9.088364e+03 9.049852e+03 9.072644e+03
