0.5 9.401430e+03 9.344537e+03 9.379417e+03 9.436310e+03
1.5 9.408817e+03 9.374508e+03 9.410332e+03 9.444640e+03
2.5 9.421104e+03 9.436496e+03 9.474031e+03 9.458639e+03
3.5 9.455247e+03 9.491782e+03 9.532272e+03 9.495736e+03
4.5 9.454205e+03 9.524282e+03 9.568617e+03 9.498540e+03
5.5 9.493188e+03 9.509820e+03 9.558376e+03 9.541744e+03
6.5 9.463821e+03 9.453475e+03 9.504963e+03 9.515309e+03
7.5 9.370016e+03 9.399162e+03 9.451849e+03 9.422703e+03
8.5 9.312225e+03 9.368166e+03 9.417326e+03 9.361385e+03
9.5 9.363991e+03 9.385719e+03 9.399344e+03 9.377616e+03
10.5 9.444993e+03 9.441371e+03 9.391270e+03 9.394892e+03
11.5 9.483663e+03 9.490271e+03 9.388026e+03 9.381418e+03
12.5 9.500815e+03 9.515242e+03 9.386973e+03 9.372546e+03
13.5 9.514081e+03 9.492977e+03 9.386788e+03 9.407892e+03
0.5 9.324780e+03 9.338272e+03 9.385622e+03 9.372129e+03
1.5 9.360049e+03 9.357022e+03 9.415359e+03 9.418386e+03
2.5 9.438759e+03 9.414779e+03 9.477921e+03 9.501901e+03
3.5 9.492406e+03 9.469047e+03 9.535068e+03 9.558426e+03
4.5 9.509107e+03 9.501939e+03 9.570364e+03 9.577532e+03
5.5 9.451782e+03 9.488385e+03 9.559120e+03 9.522518e+03
6.5 9.441668e+03 9.433095e+03 9.504752e+03 9.513326e+03
7.5 9.412728e+03 9.379879e+03 9.450733e+03 9.483582e+03
8.5 9.376736e+03 9.349883e+03 9.415354e+03 9.442208e+03
9.5 9.390805e+03 9.368380e+03 9.396568e+03 9.418994e+03
10.5 9.456920e+03 9.424946e+03 9.387742e+03 9.419716e+03
11.5 9.487012e+03 9.474745e+03 9.383796e+03 9.396063e+03
12.5 9.494981e+03 9.500595e+03 9.382092e+03 9.376478e+03
13.5 9.466245e+03 9.479181e+03 9.381308e+03 9.368371e+03
0.5 9.310174e+03 9.341346e+03 9.381394e+03 9.350223e+03
1.5 9.351300e+03 9.357556e+03 9.411189e+03 9.404932e+03
2.5 9.416910e+03 9.414205e+03 9.473813e+03 9.476518e+03
3.5 9.492291e+03 9.468059e+03 9.531034e+03 9.555266e+03
4.5 9.484832e+03 9.500850e+03 9.566415e+03 9.550397e+03
5.5 9.487027e+03 9.487320e+03 9.555264e+03 9.554972e+03
6.5 9.427733e+03 9.432096e+03 9.500994e+03 9.496631e+03
7.5 9.372502e+03 9.378964e+03 9.447075e+03 9.440613e+03
8.5 9.333672e+03 9.348831e+03 9.411797e+03 9.396638e+03
9.5 9.384222e+03 9.362835e+03 9.393111e+03 9.414498e+03
10.5 9.465343e+03 9.410145e+03 9.384384e+03 9.439582e+03
11.5 9.466658e+03 9.451606e+03 9.380535e+03 9.395587e+03
12.5 9.461871e+03 9.472424e+03 9.378926e+03 9.368373e+03
13.5 9.476541e+03 9.452876e+03 9.378233e+03 9.401898e+03
0.5 9.336255e+03 9.340645e+03 9.377220e+03 9.372830e+03
1.5 9.396515e+03 9.356894e+03 9.407220e+03 9.446842e+03
2.5 9.429313e+03 9.413568e+03 9.470055e+03 9.485801e+03
3.5 9.435096e+03 9.467434e+03 9.527485e+03 9.495146e+03
4.5 9.468403e+03 9.500231e+03 9.563072e+03 9.531245e+03
5.5 9.508796e+03 9.486705e+03 9.552127e+03 9.574219e+03
6.5 9.473424e+03 9.431491e+03 9.498066e+03 9.539998e+03
7.5 9.339741e+03 9.378289e+03 9.444359e+03 9.405811e+03
8.5 9.268654e+03 9.345754e+03 9.410283e+03 9.333183e+03
9.5 9.328244e+03 9.359361e+03 9.421851e+03 9.390735e+03
10.5 9.404624e+03 9.414587e+03 9.476208e+03 9.466245e+03
11.5 9.434334e+03 9.467768e+03 9.530033e+03 9.496599e+03
12.5 9.446970e+03 9.500265e+03 9.564249e+03 9.510954e+03
13.5 9.449806e+03 9.486621e+03 9.552844e+03 9.516029e+03
0.5 9.268654e+03 9.345754e+03 9.410283e+03 9.333183e+03
1.5 9.328244e+03 9.359361e+03 9.421851e+03 9.390735e+03
2.5 9.404624e+03 9.414587e+03 9.476208e+03 9.466245e+03
3.5 9.434334e+03 9.467768e+03 9.530033e+03 9.496599e+03
4.5 9.446970e+03 9.500265e+03 9.564249e+03 9.510954e+03
5.5 9.449806e+03 9.486621e+03 9.552844e+03 9.516029e+03
6.5 9.410234e+03 9.431359e+03 9.498673e+03 9.477548e+03
7.5 9.333294e+03 9.378227e+03 9.445056e+03 9.400122e+03
8.5 9.301435e+03 9.348113e+03 9.410083e+03 9.363404e+03
9.5 9.345221e+03 9.362128e+03 9.391705e+03 9.374798e+03
10.5 9.386046e+03 9.409438e+03 9.383291e+03 9.359898e+03
11.5 9.428698e+03 9.450889e+03 9.379757e+03 9.357565e+03
12.5 9.447540e+03 9.471694e+03 9.378466e+03 9.354312e+03
13.5 9.471521e+03 9.452135e+03 9.378093e+03 9.397478e+03
0.5 9.352271e+03 9.335229e+03 9.382679e+03 9.399721e+03
1.5 9.414346e+03 9.354168e+03 9.412899e+03 9.473077e+03
2.5 9.481933e+03 9.412095e+03 9.475942e+03 9.545781e+03
3.5 9.510691e+03 9.466509e+03 9.533569e+03 9.577750e+03
4.5 9.536960e+03 9.499529e+03 9.569341e+03 9.606772e+03
5.5 9.534841e+03 9.486094e+03 9.558575e+03 9.607322e+03
6.5 9.510986e+03 9.430927e+03 9.504688e+03 9.584747e+03
7.5 9.442747e+03 9.377842e+03 9.451152e+03 9.516057e+03
8.5 9.369877e+03 9.347980e+03 9.416252e+03 9.438149e+03
9.5 9.384026e+03 9.366608e+03 9.397936e+03 9.415354e+03
10.5 9.431116e+03 9.423291e+03 9.389564e+03 9.397389e+03
11.5 9.463988e+03 9.473189e+03 9.386059e+03 9.376858e+03
12.5 9.478342e+03 9.499126e+03 9.384786e+03 9.364002e+03
13.5 9.482986e+03 9.477795e+03 9.384426e+03 9.389617e+03
0.5 9.354463e+03 9.340851e+03 9.387731e+03 9.401342e+03
1.5 9.332503e+03 9.357221e+03 9.418042e+03 9.393323e+03
2.5 9.348697e+03 9.414027e+03 9.481187e+03 9.415858e+03
3.5 9.431969e+03 9.468029e+03 9.538926e+03 9.502866e+03
4.5 9.515911e+03 9.500964e+03 9.574822e+03 9.589768e+03
5.5 9.517389e+03 9.487575e+03 9.564185e+03 9.593999e+03
6.5 9.455094e+03 9.432499e+03 9.510429e+03 9.533024e+03
7.5 9.378941e+03 9.379525e+03 9.457027e+03 9.456443e+03
8.5 9.340755e+03 9.349559e+03 9.422270e+03 9.413465e+03
9.5 9.313638e+03 9.363736e+03 9.404107e+03 9.354010e+03
10.5 9.362727e+03 9.411221e+03 9.395908e+03 9.347413e+03
11.5 9.444043e+03 9.452854e+03 9.392589e+03 9.383778e+03
12.5 9.480767e+03 9.473842e+03 9.391512e+03 9.398438e+03
13.5 9.433366e+03 9.454461e+03 9.391351e+03 9.370257e+03
0.5 9.325875e+03 9.345583e+03 9.398731e+03 9.379024e+03
1.5 9.344820e+03 9.361950e+03 9.429001e+03 9.411872e+03
2.5 9.442224e+03 9.418798e+03 9.492065e+03 9.515491e+03
