0.5 8.956163e+03 9.032500e+03 9.076780e+03 9.000444e+03
1.5 9.004577e+03 9.064636e+03 9.151077e+03 9.091018e+03
2.5 9.249008e+03 9.201496e+03 9.308402e+03 9.355913e+03
3.5 9.293530e+03 9.329727e+03 9.452123e+03 9.415926e+03
4.5 9.375558e+03 9.402728e+03 9.540725e+03 9.513555e+03
5.5 9.427827e+03 9.357559e+03 9.511859e+03 9.582127e+03
6.5 9.241080e+03 9.211569e+03 9.374159e+03 9.403670e+03
7.5 9.049936e+03 9.076528e+03 9.237442e+03 9.210850e+03
8.5 8.925897e+03 8.997564e+03 9.147909e+03 9.076242e+03
9.5 8.986862e+03 9.033994e+03 9.100383e+03 9.053251e+03
10.5 9.243270e+03 9.168448e+03 9.078105e+03 9.152926e+03
11.5 9.311934e+03 9.293386e+03 9.068237e+03 9.086784e+03
12.5 9.372809e+03 9.364859e+03 9.064109e+03 9.072059e+03
13.5 9.273684e+03 9.322918e+03 9.062375e+03 9.013141e+03
0.5 8.925393e+03 8.981065e+03 9.063848e+03 9.008175e+03
1.5 8.987654e+03 9.023742e+03 9.139695e+03 9.103607e+03
2.5 9.175972e+03 9.166654e+03 9.298529e+03 9.307846e+03
3.5 9.281520e+03 9.298465e+03 9.443748e+03 9.426802e+03
4.5 9.359451e+03 9.373836e+03 9.533828e+03 9.519443e+03
5.5 9.262637e+03 9.330474e+03 9.506399e+03 9.438562e+03
6.5 9.151818e+03 9.186017e+03 9.370081e+03 9.335882e+03
7.5 9.007798e+03 9.052307e+03 9.234684e+03 9.190175e+03
8.5 8.984510e+03 8.974556e+03 9.146407e+03 9.156361e+03
9.5 8.968713e+03 9.012128e+03 9.100075e+03 9.056659e+03
10.5 9.161421e+03 9.147683e+03 9.078927e+03 9.092664e+03
11.5 9.248298e+03 9.273702e+03 9.070127e+03 9.044724e+03
12.5 9.345238e+03 9.346232e+03 9.067008e+03 9.066015e+03
13.5 9.277574e+03 9.305315e+03 9.066224e+03 9.038483e+03
0.5 8.930156e+03 8.979535e+03 9.075662e+03 9.026283e+03
1.5 9.038974e+03 9.014302e+03 9.152257e+03 9.176928e+03
2.5 9.209796e+03 9.153701e+03 9.311765e+03 9.367861e+03
3.5 9.362865e+03 9.284424e+03 9.457588e+03 9.536029e+03
4.5 9.350838e+03 9.359865e+03 9.548202e+03 9.539176e+03
5.5 9.355608e+03 9.317057e+03 9.521240e+03 9.559791e+03
6.5 9.216300e+03 9.173309e+03 9.385324e+03 9.428316e+03
7.5 9.027232e+03 9.040214e+03 9.250267e+03 9.237286e+03
8.5 8.904562e+03 8.959169e+03 9.162270e+03 9.107664e+03
9.5 8.958543e+03 8.996892e+03 9.116159e+03 9.077810e+03
10.5 9.139221e+03 9.146598e+03 9.095177e+03 9.087799e+03
11.5 9.326222e+03 9.293072e+03 9.086490e+03 9.119640e+03
12.5 9.335818e+03 9.385864e+03 9.083432e+03 9.033386e+03
13.5 9.398172e+03 9.355327e+03 9.082659e+03 9.125504e+03
0.5 9.058826e+03 8.958608e+03 9.090597e+03 9.190816e+03
1.5 9.038636e+03 9.002622e+03 9.166505e+03 9.202519e+03
2.5 9.177837e+03 9.146782e+03 9.325299e+03 9.356354e+03
3.5 9.249176e+03 9.279770e+03 9.470380e+03 9.439786e+03
4.5 9.330151e+03 9.356261e+03 9.560228e+03 9.534119e+03
5.5 9.286138e+03 9.313976e+03 9.532488e+03 9.504650e+03
6.5 9.134279e+03 9.170558e+03 9.395794e+03 9.359515e+03
7.5 9.020921e+03 9.037695e+03 9.259957e+03 9.243182e+03
8.5 8.927752e+03 8.956851e+03 9.171166e+03 9.142068e+03
9.5 9.081738e+03 8.994754e+03 9.124230e+03 9.211215e+03
10.5 9.173666e+03 9.144606e+03 9.102377e+03 9.131438e+03
11.5 9.236755e+03 9.291195e+03 9.092778e+03 9.038338e+03
12.5 9.299026e+03 9.384082e+03 9.088775e+03 9.003720e+03
13.5 9.412836e+03 9.353639e+03 9.087037e+03 9.146234e+03
0.5 8.930543e+03 8.958387e+03 9.076971e+03 9.049128e+03
1.5 9.029175e+03 9.002469e+03 9.151946e+03 9.178652e+03
2.5 9.150541e+03 9.146701e+03 9.309828e+03 9.313668e+03
3.5 9.189959e+03 9.279744e+03 9.454020e+03 9.364235e+03
4.5 9.306044e+03 9.356268e+03 9.543005e+03 9.492781e+03
5.5 9.358557e+03 9.314000e+03 9.514417e+03 9.558973e+03
6.5 9.203193e+03 9.170604e+03 9.376884e+03 9.409474e+03
7.5 9.011154e+03 9.037925e+03 9.240223e+03 9.213451e+03
8.5 9.001666e+03 8.961175e+03 9.150637e+03 9.191128e+03
9.5 9.004471e+03 8.999697e+03 9.102957e+03 9.107731e+03
10.5 9.163791e+03 9.136129e+03 9.080430e+03 9.108093e+03
11.5 9.225406e+03 9.262944e+03 9.070226e+03 9.032688e+03
12.5 9.332182e+03 9.336202e+03 9.065682e+03 9.061661e+03
13.5 9.337517e+03 9.295970e+03 9.063469e+03 9.105016e+03
0.5 8.973356e+03 8.976068e+03 9.058459e+03 9.055747e+03
1.5 9.034451e+03 9.011267e+03 9.133904e+03 9.157087e+03
2.5 9.183094e+03 9.151056e+03 9.292316e+03 9.324353e+03
3.5 9.263439e+03 9.282117e+03 9.437098e+03 9.418420e+03
4.5 9.322605e+03 9.357852e+03 9.526730e+03 9.491484e+03
5.5 9.390869e+03 9.315319e+03 9.498846e+03 9.574395e+03
6.5 9.221655e+03 9.171856e+03 9.362070e+03 9.411870e+03
7.5 9.038341e+03 9.039223e+03 9.226217e+03 9.225335e+03
8.5 8.969329e+03 8.962944e+03 9.139977e+03 9.146363e+03
9.5 9.037914e+03 9.005387e+03 9.169059e+03 9.201586e+03
10.5 9.198090e+03 9.148946e+03 9.306250e+03 9.355394e+03
11.5 9.292216e+03 9.281778e+03 9.442119e+03 9.452556e+03
12.5 9.353513e+03 9.358307e+03 9.528477e+03 9.523683e+03
13.5 9.369616e+03 9.316128e+03 9.499615e+03 9.553103e+03
0.5 8.969329e+03 8.962944e+03 9.139977e+03 9.146363e+03
1.5 9.037914e+03 9.005387e+03 9.169059e+03 9.201586e+03
2.5 9.198090e+03 9.148946e+03 9.306250e+03 9.355394e+03
3.5 9.292216e+03 9.281778e+03 9.442119e+03 9.452556e+03
4.5 9.353513e+03 9.358307e+03 9.528477e+03 9.523683e+03
5.5 9.369616e+03 9.316128e+03 9.499615e+03 9.553103e+03
6.5 9.284035e+03 9.172848e+03 9.362740e+03 9.473927e+03
7.5 9.064684e+03 9.040158e+03 9.227281e+03 9.251806e+03
8.5 8.932193e+03 8.959507e+03 9.138933e+03 9.111619e+03
9.5 8.985791e+03 8.997632e+03 9.092520e+03 9.080679e+03
10.5 9.028733e+03 9.147726e+03 9.071282e+03 8.952290e+03
11.5 9.217850e+03 9.294559e+03 9.062384e+03 8.985674e+03
12.5 9.377669e+03 9.387689e+03 9.059154e+03 9.049134e+03
13.5 9.373856e+03 9.357479e+03 9.058249e+03 9.074626e+03
0.5 8.960470e+03 8.968508e+03 9.065904e+03 9.057866e+03
1.5 8.978152e+03 9.012910e+03 9.141460e+03 9.106703e+03
2.5 9.251471e+03 9.157560e+03 9.299827e+03 9.393737e+03
3.5 9.311635e+03 9.291133e+03 9.444400e+03 9.464902e+03
4.5 9.249005e+03 9.368268e+03 9.533654e+03 9.414391e+03
5.5 9.255389e+03 9.326598e+03 9.505217e+03 9.434008e+03
6.5 9.198938e+03 9.183686e+03 9.367708e+03 9.382960e+03
7.5 9.063809e+03 9.051228e+03 9.230938e+03 9.243518e+03
8.5 9.025988e+03 8.970731e+03 9.141104e+03 9.196362e+03
9.5 8.974497e+03 9.009040e+03 9.093030e+03 9.058487e+03
10.5 9.214389e+03 9.159472e+03 9.069956e+03 9.124873e+03
