0.5 8.929248e+03 8.938179e+03 8.936443e+03 8.927511e+03
1.5 8.899983e+03 8.936171e+03 8.928065e+03 8.891876e+03
2.5 8.895780e+03 8.921245e+03 8.910326e+03 8.884861e+03
3.5 8.878421e+03 8.907423e+03 8.894121e+03 8.865119e+03
4.5 8.889658e+03 8.900170e+03 8.884131e+03 8.873618e+03
5.5 8.882985e+03 8.906471e+03 8.887385e+03 8.863899e+03
6.5 8.951197e+03 8.923356e+03 8.902912e+03 8.930753e+03
7.5 8.942503e+03 8.937947e+03 8.918327e+03 8.922883e+03
8.5 8.931009e+03 8.944561e+03 8.928422e+03 8.914871e+03
9.5 8.923553e+03 8.943056e+03 8.933781e+03 8.914278e+03
10.5 9.013634e+03 8.940039e+03 8.936293e+03 9.009889e+03
11.5 9.008101e+03 8.940110e+03 8.937406e+03 9.005397e+03
12.5 9.004453e+03 8.943699e+03 8.937871e+03 8.998626e+03
13.5 8.975833e+03 8.950854e+03 8.938067e+03 8.963045e+03
0.5 8.939927e+03 8.955716e+03 8.937901e+03 8.922111e+03
1.5 8.934982e+03 8.944152e+03 8.929349e+03 8.920178e+03
2.5 8.951489e+03 8.924754e+03 8.911439e+03 8.938174e+03
3.5 8.937419e+03 8.909028e+03 8.895065e+03 8.923456e+03
4.5 8.948734e+03 8.901062e+03 8.884908e+03 8.932580e+03
5.5 8.920939e+03 8.907146e+03 8.888001e+03 8.901795e+03
6.5 8.923190e+03 8.924004e+03 8.903371e+03 8.902557e+03
7.5 8.972114e+03 8.938678e+03 8.918638e+03 8.952074e+03
8.5 8.983829e+03 8.945382e+03 8.928592e+03 8.967040e+03
9.5 8.981359e+03 8.943962e+03 8.933816e+03 8.971213e+03
10.5 8.983063e+03 8.941020e+03 8.936201e+03 8.978244e+03
11.5 8.982712e+03 8.941154e+03 8.937193e+03 8.978750e+03
12.5 8.958238e+03 8.944797e+03 8.937544e+03 8.950985e+03
13.5 8.950784e+03 8.952000e+03 8.937633e+03 8.936417e+03
0.5 9.011524e+03 8.940072e+03 8.936569e+03 9.008021e+03
1.5 8.967665e+03 8.938173e+03 8.927932e+03 8.957424e+03
2.5 8.896870e+03 8.923343e+03 8.909947e+03 8.883474e+03
3.5 8.892550e+03 8.909602e+03 8.893505e+03 8.876452e+03
4.5 8.865871e+03 8.902416e+03 8.883287e+03 8.846742e+03
5.5 8.872338e+03 8.908773e+03 8.886328e+03 8.849893e+03
6.5 8.885274e+03 8.925710e+03 8.901653e+03 8.861216e+03
7.5 8.916123e+03 8.940397e+03 8.916881e+03 8.892606e+03
8.5 8.918254e+03 8.947867e+03 8.926803e+03 8.897190e+03
9.5 8.902131e+03 8.935131e+03 8.932002e+03 8.899002e+03
10.5 8.920320e+03 8.904266e+03 8.934368e+03 8.950421e+03
11.5 8.910180e+03 8.876686e+03 8.935348e+03 8.968842e+03
12.5 8.876424e+03 8.860981e+03 8.935693e+03 8.951135e+03
13.5 8.866330e+03 8.869440e+03 8.935780e+03 8.932670e+03
0.5 8.989328e+03 8.958751e+03 8.934885e+03 8.965461e+03
1.5 8.987751e+03 8.947165e+03 8.926326e+03 8.966911e+03
2.5 8.927125e+03 8.927745e+03 8.908421e+03 8.907801e+03
3.5 8.916285e+03 8.911993e+03 8.892062e+03 8.896354e+03
4.5 8.928686e+03 8.903995e+03 8.881931e+03 8.906623e+03
5.5 8.943291e+03 8.910040e+03 8.885059e+03 8.918311e+03
6.5 8.915154e+03 8.926854e+03 8.900472e+03 8.888772e+03
7.5 8.932391e+03 8.941519e+03 8.915789e+03 8.906661e+03
8.5 8.933271e+03 8.948971e+03 8.925800e+03 8.910100e+03
9.5 8.934086e+03 8.936215e+03 8.931092e+03 8.928962e+03
10.5 8.885965e+03 8.905333e+03 8.933556e+03 8.914188e+03
11.5 8.861122e+03 8.877740e+03 8.934639e+03 8.918021e+03
12.5 8.820679e+03 8.862027e+03 8.935090e+03 8.893742e+03
13.5 8.844915e+03 8.870479e+03 8.935286e+03 8.909723e+03
0.5 8.973771e+03 8.959286e+03 8.936421e+03 8.950905e+03
1.5 8.990987e+03 8.947658e+03 8.927967e+03 8.971296e+03
2.5 8.951202e+03 8.928189e+03 8.910165e+03 8.933178e+03
3.5 8.911933e+03 8.912387e+03 8.893907e+03 8.893453e+03
4.5 8.894966e+03 8.904340e+03 8.883874e+03 8.874499e+03
5.5 8.921758e+03 8.910336e+03 8.887097e+03 8.898519e+03
6.5 8.945657e+03 8.927099e+03 8.902604e+03 8.921162e+03
7.5 8.968684e+03 8.941671e+03 8.918014e+03 8.945027e+03
8.5 8.977099e+03 8.948269e+03 8.928115e+03 8.956945e+03
9.5 8.965176e+03 8.946745e+03 8.933491e+03 8.951922e+03
10.5 8.982800e+03 8.943702e+03 8.936031e+03 8.975129e+03
11.5 8.970544e+03 8.943741e+03 8.937182e+03 8.963984e+03
12.5 8.986081e+03 8.947291e+03 8.937694e+03 8.976484e+03
13.5 8.979462e+03 8.954398e+03 8.937943e+03 8.963007e+03
0.5 8.930266e+03 8.941310e+03 8.938508e+03 8.927464e+03
1.5 8.939632e+03 8.939298e+03 8.930002e+03 8.930336e+03
2.5 8.922945e+03 8.924357e+03 8.912140e+03 8.910727e+03
3.5 8.909650e+03 8.910509e+03 8.895815e+03 8.894957e+03
4.5 8.941162e+03 8.903215e+03 8.885709e+03 8.923656e+03
5.5 8.948855e+03 8.909460e+03 8.888853e+03 8.928247e+03
6.5 8.978906e+03 8.926279e+03 8.904275e+03 8.956901e+03
7.5 8.983105e+03 8.940836e+03 8.919593e+03 8.961862e+03
8.5 8.991672e+03 8.948315e+03 8.929317e+03 8.972674e+03
9.5 8.988422e+03 8.942030e+03 8.926038e+03 8.972431e+03
10.5 8.973877e+03 8.925076e+03 8.910569e+03 8.959370e+03
11.5 8.945674e+03 8.910322e+03 8.895249e+03 8.930600e+03
12.5 8.908185e+03 8.902631e+03 8.885512e+03 8.891066e+03
13.5 8.884523e+03 8.908687e+03 8.888766e+03 8.864602e+03
0.5 8.991672e+03 8.948315e+03 8.929317e+03 8.972674e+03
1.5 8.988422e+03 8.942030e+03 8.926038e+03 8.972431e+03
2.5 8.973877e+03 8.925076e+03 8.910569e+03 8.959370e+03
3.5 8.945674e+03 8.910322e+03 8.895249e+03 8.930600e+03
4.5 8.908185e+03 8.902631e+03 8.885512e+03 8.891066e+03
5.5 8.884523e+03 8.908687e+03 8.888766e+03 8.864602e+03
6.5 8.927541e+03 8.925394e+03 8.904199e+03 8.906346e+03
7.5 8.931913e+03 8.939888e+03 8.919473e+03 8.911498e+03
8.5 8.918456e+03 8.947153e+03 8.929435e+03 8.900737e+03
9.5 8.879251e+03 8.934204e+03 8.934668e+03 8.879715e+03
10.5 8.851825e+03 8.903120e+03 8.937062e+03 8.885768e+03
11.5 8.863273e+03 8.875318e+03 8.938066e+03 8.926020e+03
12.5 8.888379e+03 8.859390e+03 8.938430e+03 8.967418e+03
13.5 8.855204e+03 8.867622e+03 8.938532e+03 8.926114e+03
0.5 8.907554e+03 8.952432e+03 8.937669e+03 8.892791e+03
1.5 8.920964e+03 8.940685e+03 8.929150e+03 8.909428e+03
2.5 8.910015e+03 8.921101e+03 8.911293e+03 8.900207e+03
3.5 8.893823e+03 8.905187e+03 8.894992e+03 8.883627e+03
4.5 8.878168e+03 8.897039e+03 8.884928e+03 8.866057e+03
5.5 8.888000e+03 8.902954e+03 8.888134e+03 8.873180e+03
6.5 8.907126e+03 8.919663e+03 8.903639e+03 8.891102e+03
7.5 8.970940e+03 8.934249e+03 8.919061e+03 8.955751e+03
8.5 8.942667e+03 8.941645e+03 8.929190e+03 8.930212e+03
9.5 8.923410e+03 8.928851e+03 8.934610e+03 8.929170e+03
10.5 8.921509e+03 8.897950e+03 8.937212e+03 8.960771e+03
