0.5 9.401430e+03 9.344537e+03 9.418006e+03 9.474899e+03
1.5 9.408817e+03 9.374508e+03 9.419469e+03 9.453777e+03
2.5 9.421104e+03 9.436496e+03 9.420071e+03 9.404680e+03
3.5 9.455247e+03 9.491782e+03 9.419361e+03 9.382825e+03
4.5 9.454205e+03 9.524282e+03 9.417678e+03 9.347601e+03
5.5 9.493188e+03 9.509820e+03 9.415523e+03 9.398891e+03
6.5 9.463821e+03 9.453475e+03 9.414536e+03 9.424882e+03
7.5 9.370016e+03 9.399162e+03 9.415038e+03 9.385892e+03
8.5 9.312225e+03 9.368166e+03 9.415915e+03 9.359975e+03
9.5 9.363991e+03 9.385719e+03 9.416569e+03 9.394842e+03
10.5 9.444993e+03 9.441371e+03 9.416931e+03 9.420553e+03
11.5 9.483663e+03 9.490271e+03 9.417104e+03 9.410495e+03
12.5 9.500815e+03 9.515242e+03 9.417178e+03 9.402751e+03
13.5 9.514081e+03 9.492977e+03 9.417207e+03 9.438311e+03
0.5 9.324780e+03 9.338272e+03 9.417943e+03 9.404451e+03
1.5 9.360049e+03 9.357022e+03 9.419408e+03 9.422435e+03
2.5 9.438759e+03 9.414779e+03 9.420014e+03 9.443994e+03
3.5 9.492406e+03 9.469047e+03 9.419307e+03 9.442665e+03
4.5 9.509107e+03 9.501939e+03 9.417627e+03 9.424795e+03
5.5 9.451782e+03 9.488385e+03 9.415475e+03 9.378872e+03
6.5 9.441668e+03 9.433095e+03 9.414491e+03 9.423065e+03
7.5 9.412728e+03 9.379879e+03 9.414997e+03 9.447846e+03
8.5 9.376736e+03 9.349883e+03 9.415877e+03 9.442731e+03
9.5 9.390805e+03 9.368380e+03 9.416534e+03 9.438959e+03
10.5 9.456920e+03 9.424946e+03 9.416899e+03 9.448874e+03
11.5 9.487012e+03 9.474745e+03 9.417075e+03 9.429341e+03
12.5 9.494981e+03 9.500595e+03 9.417152e+03 9.411538e+03
13.5 9.466245e+03 9.479181e+03 9.417184e+03 9.404247e+03
0.5 9.310174e+03 9.341346e+03 9.417949e+03 9.386778e+03
1.5 9.351300e+03 9.357556e+03 9.419415e+03 9.413158e+03
2.5 9.416910e+03 9.414205e+03 9.420021e+03 9.422726e+03
3.5 9.492291e+03 9.468059e+03 9.419314e+03 9.443546e+03
4.5 9.484832e+03 9.500850e+03 9.417634e+03 9.401617e+03
5.5 9.487027e+03 9.487320e+03 9.415483e+03 9.415190e+03
6.5 9.427733e+03 9.432096e+03 9.414499e+03 9.410137e+03
7.5 9.372502e+03 9.378964e+03 9.415005e+03 9.408543e+03
8.5 9.333672e+03 9.348831e+03 9.415885e+03 9.400726e+03
9.5 9.384222e+03 9.362835e+03 9.416542e+03 9.437928e+03
10.5 9.465343e+03 9.410145e+03 9.416907e+03 9.472105e+03
11.5 9.466658e+03 9.451606e+03 9.417082e+03 9.432134e+03
12.5 9.461871e+03 9.472424e+03 9.417160e+03 9.406606e+03
13.5 9.476541e+03 9.452876e+03 9.417191e+03 9.440856e+03
0.5 9.336255e+03 9.340645e+03 9.417963e+03 9.413573e+03
1.5 9.396515e+03 9.356894e+03 9.419428e+03 9.459050e+03
2.5 9.429313e+03 9.413568e+03 9.420035e+03 9.435780e+03
3.5 9.435096e+03 9.467434e+03 9.419327e+03 9.386988e+03
4.5 9.468403e+03 9.500231e+03 9.417647e+03 9.385820e+03
5.5 9.508796e+03 9.486705e+03 9.415496e+03 9.437587e+03
6.5 9.473424e+03 9.431491e+03 9.414512e+03 9.456445e+03
7.5 9.339741e+03 9.378289e+03 9.415041e+03 9.376493e+03
8.5 9.268654e+03 9.345754e+03 9.416645e+03 9.339545e+03
9.5 9.328244e+03 9.359361e+03 9.418767e+03 9.387651e+03
10.5 9.404624e+03 9.414587e+03 9.419738e+03 9.409775e+03
11.5 9.434334e+03 9.467768e+03 9.419205e+03 9.385771e+03
12.5 9.446970e+03 9.500265e+03 9.417602e+03 9.364307e+03
13.5 9.449806e+03 9.486621e+03 9.415481e+03 9.378666e+03
0.5 9.268654e+03 9.345754e+03 9.416645e+03 9.339545e+03
1.5 9.328244e+03 9.359361e+03 9.418767e+03 9.387651e+03
2.5 9.404624e+03 9.414587e+03 9.419738e+03 9.409775e+03
3.5 9.434334e+03 9.467768e+03 9.419205e+03 9.385771e+03
4.5 9.446970e+03 9.500265e+03 9.417602e+03 9.364307e+03
5.5 9.449806e+03 9.486621e+03 9.415481e+03 9.378666e+03
6.5 9.410234e+03 9.431359e+03 9.414511e+03 9.393386e+03
7.5 9.333294e+03 9.378227e+03 9.415021e+03 9.370088e+03
8.5 9.301435e+03 9.348113e+03 9.415901e+03 9.369223e+03
9.5 9.345221e+03 9.362128e+03 9.416558e+03 9.399650e+03
10.5 9.386046e+03 9.409438e+03 9.416923e+03 9.393531e+03
11.5 9.428698e+03 9.450889e+03 9.417098e+03 9.394906e+03
12.5 9.447540e+03 9.471694e+03 9.417175e+03 9.393021e+03
13.5 9.471521e+03 9.452135e+03 9.417206e+03 9.436592e+03
0.5 9.352271e+03 9.335229e+03 9.417969e+03 9.435011e+03
1.5 9.414346e+03 9.354168e+03 9.419434e+03 9.479612e+03
2.5 9.481933e+03 9.412095e+03 9.420039e+03 9.489878e+03
3.5 9.510691e+03 9.466509e+03 9.419331e+03 9.463512e+03
4.5 9.536960e+03 9.499529e+03 9.417651e+03 9.455082e+03
5.5 9.534841e+03 9.486094e+03 9.415498e+03 9.464245e+03
6.5 9.510986e+03 9.430927e+03 9.414515e+03 9.494574e+03
7.5 9.442747e+03 9.377842e+03 9.415019e+03 9.479925e+03
8.5 9.369877e+03 9.347980e+03 9.415899e+03 9.437796e+03
9.5 9.384026e+03 9.366608e+03 9.416555e+03 9.433973e+03
10.5 9.431116e+03 9.423291e+03 9.416919e+03 9.424744e+03
11.5 9.463988e+03 9.473189e+03 9.417094e+03 9.407893e+03
12.5 9.478342e+03 9.499126e+03 9.417171e+03 9.396387e+03
13.5 9.482986e+03 9.477795e+03 9.417201e+03 9.422392e+03
0.5 9.354463e+03 9.340851e+03 9.417968e+03 9.431580e+03
1.5 9.332503e+03 9.357221e+03 9.419434e+03 9.394716e+03
2.5 9.348697e+03 9.414027e+03 9.420040e+03 9.354711e+03
3.5 9.431969e+03 9.468029e+03 9.419332e+03 9.383272e+03
4.5 9.515911e+03 9.500964e+03 9.417652e+03 9.432599e+03
5.5 9.517389e+03 9.487575e+03 9.415500e+03 9.445314e+03
6.5 9.455094e+03 9.432499e+03 9.414516e+03 9.437111e+03
7.5 9.378941e+03 9.379525e+03 9.415021e+03 9.414437e+03
8.5 9.340755e+03 9.349559e+03 9.415901e+03 9.407097e+03
9.5 9.313638e+03 9.363736e+03 9.416557e+03 9.366460e+03
10.5 9.362727e+03 9.411221e+03 9.416922e+03 9.368428e+03
11.5 9.444043e+03 9.452854e+03 9.417097e+03 9.408286e+03
12.5 9.480767e+03 9.473842e+03 9.417174e+03 9.424100e+03
13.5 9.433366e+03 9.454461e+03 9.417205e+03 9.396110e+03
0.5 9.325875e+03 9.345583e+03 9.417958e+03 9.398250e+03
1.5 9.344820e+03 9.361950e+03 9.419421e+03 9.402292e+03
2.5 9.442224e+03 9.418798e+03 9.420025e+03 9.443451e+03
