0.5 9.218870e+03 9.166729e+03 9.199024e+03 9.251164e+03
1.5 9.234700e+03 9.195678e+03 9.229645e+03 9.268667e+03
2.5 9.243839e+03 9.256858e+03 9.292739e+03 9.279720e+03
3.5 9.279142e+03 9.312202e+03 9.350427e+03 9.317367e+03
4.5 9.280144e+03 9.345568e+03 9.386427e+03 9.321004e+03
5.5 9.318764e+03 9.332701e+03 9.376283e+03 9.362346e+03
6.5 9.289198e+03 9.277622e+03 9.323378e+03 9.334954e+03
7.5 9.196638e+03 9.223612e+03 9.270768e+03 9.243794e+03
8.5 9.139546e+03 9.191812e+03 9.236572e+03 9.184307e+03
9.5 9.187936e+03 9.205193e+03 9.218761e+03 9.201504e+03
10.5 9.262096e+03 9.254415e+03 9.210765e+03 9.218446e+03
11.5 9.297811e+03 9.298573e+03 9.207551e+03 9.206789e+03
12.5 9.312397e+03 9.321703e+03 9.206508e+03 9.197202e+03
13.5 9.323968e+03 9.302362e+03 9.206325e+03 9.227931e+03
0.5 9.147109e+03 9.160848e+03 9.205169e+03 9.191430e+03
1.5 9.180109e+03 9.179456e+03 9.234624e+03 9.235278e+03
2.5 9.261727e+03 9.236736e+03 9.296592e+03 9.321584e+03
3.5 9.316213e+03 9.291110e+03 9.353197e+03 9.378299e+03
4.5 9.335052e+03 9.324787e+03 9.388157e+03 9.398423e+03
5.5 9.278696e+03 9.312698e+03 9.377021e+03 9.343018e+03
6.5 9.265217e+03 9.258531e+03 9.323169e+03 9.329855e+03
7.5 9.235993e+03 9.205474e+03 9.269663e+03 9.300182e+03
8.5 9.198715e+03 9.174539e+03 9.234620e+03 9.258796e+03
9.5 9.210453e+03 9.188736e+03 9.216012e+03 9.237729e+03
10.5 9.270236e+03 9.238750e+03 9.207270e+03 9.238756e+03
11.5 9.293723e+03 9.283688e+03 9.203361e+03 9.213396e+03
12.5 9.304477e+03 9.307584e+03 9.201674e+03 9.198567e+03
13.5 9.276547e+03 9.288987e+03 9.200896e+03 9.188457e+03
0.5 9.138205e+03 9.163634e+03 9.200982e+03 9.175554e+03
1.5 9.178258e+03 9.179802e+03 9.230494e+03 9.228950e+03
2.5 9.239706e+03 9.235950e+03 9.292523e+03 9.296280e+03
3.5 9.313001e+03 9.289880e+03 9.349201e+03 9.372321e+03
4.5 9.305160e+03 9.323436e+03 9.384246e+03 9.365970e+03
5.5 9.309100e+03 9.311362e+03 9.373201e+03 9.370940e+03
6.5 9.249767e+03 9.257257e+03 9.319446e+03 9.311957e+03
7.5 9.198704e+03 9.204308e+03 9.266040e+03 9.260436e+03
8.5 9.163574e+03 9.174086e+03 9.231096e+03 9.220584e+03
9.5 9.209452e+03 9.186764e+03 9.212588e+03 9.235276e+03
10.5 9.285228e+03 9.231018e+03 9.203944e+03 9.258153e+03
11.5 9.283475e+03 9.269418e+03 9.200131e+03 9.214189e+03
12.5 9.279121e+03 9.288025e+03 9.198537e+03 9.189634e+03
13.5 9.291889e+03 9.268426e+03 9.197851e+03 9.221314e+03
0.5 9.159235e+03 9.162652e+03 9.196848e+03 9.193430e+03
1.5 9.217518e+03 9.178878e+03 9.226563e+03 9.265203e+03
2.5 9.250640e+03 9.235073e+03 9.288801e+03 9.304369e+03
3.5 9.256998e+03 9.289039e+03 9.345686e+03 9.313645e+03
4.5 9.291805e+03 9.322623e+03 9.380935e+03 9.350116e+03
5.5 9.331869e+03 9.310577e+03 9.370094e+03 9.391386e+03
6.5 9.302281e+03 9.256505e+03 9.316546e+03 9.362322e+03
7.5 9.168359e+03 9.203487e+03 9.263349e+03 9.228221e+03
8.5 9.092541e+03 9.170285e+03 9.229597e+03 9.151853e+03
9.5 9.152968e+03 9.182469e+03 9.241055e+03 9.211554e+03
10.5 9.226492e+03 9.236586e+03 9.294896e+03 9.284801e+03
11.5 9.258048e+03 9.289603e+03 9.348209e+03 9.316654e+03
12.5 9.270023e+03 9.322789e+03 9.382100e+03 9.329334e+03
13.5 9.275625e+03 9.310593e+03 9.370804e+03 9.335836e+03
0.5 9.092541e+03 9.170285e+03 9.229597e+03 9.151853e+03
1.5 9.152968e+03 9.182469e+03 9.241055e+03 9.211554e+03
2.5 9.226492e+03 9.236586e+03 9.294896e+03 9.284801e+03
3.5 9.258048e+03 9.289603e+03 9.348209e+03 9.316654e+03
4.5 9.270023e+03 9.322789e+03 9.382100e+03 9.329334e+03
5.5 9.275625e+03 9.310593e+03 9.370804e+03 9.335836e+03
6.5 9.237228e+03 9.256466e+03 9.317147e+03 9.297909e+03
7.5 9.162439e+03 9.203548e+03 9.264039e+03 9.222930e+03
8.5 9.128177e+03 9.173375e+03 9.229398e+03 9.184201e+03
9.5 9.167471e+03 9.186095e+03 9.211195e+03 9.192572e+03
10.5 9.208863e+03 9.230381e+03 9.202860e+03 9.181342e+03
11.5 9.253118e+03 9.268804e+03 9.199361e+03 9.183674e+03
12.5 9.269195e+03 9.287432e+03 9.198082e+03 9.179845e+03
13.5 9.290134e+03 9.267855e+03 9.197712e+03 9.219991e+03
0.5 9.173691e+03 9.157941e+03 9.202255e+03 9.218005e+03
1.5 9.234000e+03 9.176769e+03 9.232188e+03 9.289419e+03
2.5 9.302431e+03 9.234250e+03 9.294632e+03 9.362814e+03
3.5 9.330173e+03 9.288805e+03 9.351712e+03 9.393080e+03
4.5 9.357506e+03 9.322644e+03 9.387144e+03 9.422007e+03
5.5 9.355337e+03 9.310708e+03 9.376480e+03 9.421109e+03
6.5 9.332638e+03 9.256698e+03 9.323105e+03 9.399046e+03
7.5 9.267238e+03 9.203804e+03 9.270077e+03 9.333511e+03
8.5 9.196492e+03 9.173036e+03 9.235509e+03 9.258965e+03
9.5 9.205989e+03 9.187395e+03 9.217367e+03 9.235961e+03
10.5 9.248028e+03 9.237555e+03 9.209075e+03 9.219548e+03
11.5 9.274401e+03 9.282622e+03 9.205603e+03 9.197382e+03
12.5 9.288658e+03 9.306634e+03 9.204342e+03 9.186366e+03
13.5 9.295099e+03 9.288148e+03 9.203986e+03 9.210936e+03
0.5 9.178263e+03 9.163790e+03 9.207258e+03 9.221731e+03
1.5 9.156889e+03 9.180137e+03 9.237282e+03 9.214033e+03
2.5 9.172018e+03 9.236460e+03 9.299828e+03 9.235385e+03
3.5 9.253526e+03 9.290559e+03 9.357018e+03 9.319986e+03
4.5 9.338975e+03 9.324276e+03 9.392573e+03 9.407272e+03
5.5 9.340663e+03 9.312361e+03 9.382037e+03 9.410339e+03
6.5 9.282140e+03 9.258421e+03 9.328792e+03 9.352511e+03
7.5 9.204524e+03 9.205646e+03 9.275897e+03 9.274775e+03
8.5 9.168180e+03 9.175606e+03 9.241469e+03 9.234044e+03
9.5 9.139003e+03 9.188472e+03 9.223480e+03 9.174011e+03
10.5 9.187497e+03 9.232915e+03 9.215358e+03 9.169939e+03
11.5 9.265504e+03 9.271502e+03 9.212071e+03 9.206072e+03
12.5 9.297217e+03 9.290295e+03 9.211004e+03 9.217926e+03
13.5 9.250168e+03 9.270879e+03 9.210845e+03 9.190133e+03
0.5 9.150129e+03 9.168795e+03 9.218155e+03 9.199488e+03
1.5 9.168965e+03 9.185167e+03 9.248137e+03 9.231935e+03
2.5 9.261717e+03 9.241561e+03 9.310602e+03 9.330758e+03
