0.5 8.992676e+03 8.968914e+03 9.062418e+03 9.086179e+03
1.5 9.050022e+03 9.045415e+03 9.145738e+03 9.150346e+03
2.5 9.171826e+03 9.210647e+03 9.317418e+03 9.278597e+03
3.5 9.307143e+03 9.361538e+03 9.474388e+03 9.419992e+03
4.5 9.351015e+03 9.453760e+03 9.572344e+03 9.469599e+03
5.5 9.386372e+03 9.420740e+03 9.544743e+03 9.510376e+03
6.5 9.373240e+03 9.271518e+03 9.400786e+03 9.502508e+03
7.5 9.078415e+03 9.123399e+03 9.257636e+03 9.212652e+03
8.5 8.956163e+03 9.032500e+03 9.164588e+03 9.088251e+03
9.5 9.004577e+03 9.064636e+03 9.116123e+03 9.056064e+03
10.5 9.249008e+03 9.201496e+03 9.094365e+03 9.141877e+03
11.5 9.293530e+03 9.329727e+03 9.085622e+03 9.049425e+03
12.5 9.375558e+03 9.402728e+03 9.082782e+03 9.055612e+03
13.5 9.427827e+03 9.357559e+03 9.082284e+03 9.152553e+03
0.5 8.907679e+03 8.961607e+03 9.079140e+03 9.025212e+03
1.5 8.968163e+03 9.000700e+03 9.159288e+03 9.126751e+03
2.5 9.133861e+03 9.150843e+03 9.327903e+03 9.310921e+03
3.5 9.336211e+03 9.297322e+03 9.481924e+03 9.520813e+03
4.5 9.420889e+03 9.389932e+03 9.577052e+03 9.608009e+03
5.5 9.327664e+03 9.359149e+03 9.546749e+03 9.515264e+03
6.5 9.198747e+03 9.212741e+03 9.400218e+03 9.386224e+03
7.5 9.031566e+03 9.067644e+03 9.254628e+03 9.218550e+03
8.5 8.930156e+03 8.979535e+03 9.159275e+03 9.109896e+03
9.5 9.038974e+03 9.014302e+03 9.108643e+03 9.133315e+03
10.5 9.209796e+03 9.153701e+03 9.084855e+03 9.140951e+03
11.5 9.362865e+03 9.284424e+03 9.074221e+03 9.152661e+03
12.5 9.350838e+03 9.359865e+03 9.069628e+03 9.060602e+03
13.5 9.355608e+03 9.317057e+03 9.067514e+03 9.106064e+03
0.5 8.904562e+03 8.959169e+03 9.067748e+03 9.013141e+03
1.5 8.958543e+03 8.996892e+03 9.148048e+03 9.109699e+03
2.5 9.139221e+03 9.146598e+03 9.316831e+03 9.309454e+03
3.5 9.326222e+03 9.293072e+03 9.471051e+03 9.504201e+03
4.5 9.335818e+03 9.385864e+03 9.566409e+03 9.516363e+03
5.5 9.398172e+03 9.355327e+03 9.536357e+03 9.579201e+03
6.5 9.284370e+03 9.209178e+03 9.390089e+03 9.465282e+03
7.5 9.037222e+03 9.064326e+03 9.244769e+03 9.217664e+03
8.5 8.901691e+03 8.976047e+03 9.149688e+03 9.075332e+03
9.5 8.995820e+03 9.007181e+03 9.099326e+03 9.087965e+03
10.5 9.143941e+03 9.139742e+03 9.075805e+03 9.080004e+03
11.5 9.279208e+03 9.264745e+03 9.065432e+03 9.079895e+03
12.5 9.375177e+03 9.337214e+03 9.061094e+03 9.099057e+03
13.5 9.328521e+03 9.296646e+03 9.059226e+03 9.091101e+03
0.5 8.927752e+03 8.956851e+03 9.056496e+03 9.027398e+03
1.5 9.081738e+03 8.994754e+03 9.137352e+03 9.224337e+03
2.5 9.173666e+03 9.144606e+03 9.306704e+03 9.335764e+03
3.5 9.236755e+03 9.291195e+03 9.461486e+03 9.407047e+03
4.5 9.299026e+03 9.384082e+03 9.557400e+03 9.472344e+03
5.5 9.412836e+03 9.353639e+03 9.527902e+03 9.587099e+03
6.5 9.279134e+03 9.207598e+03 9.382196e+03 9.453732e+03
7.5 9.070899e+03 9.062727e+03 9.237447e+03 9.245620e+03
8.5 8.881121e+03 8.970544e+03 9.145608e+03 9.056185e+03
9.5 9.003313e+03 9.001252e+03 9.176785e+03 9.178846e+03
10.5 9.196779e+03 9.147394e+03 9.323286e+03 9.372672e+03
11.5 9.297769e+03 9.292282e+03 9.468353e+03 9.473840e+03
12.5 9.327493e+03 9.384455e+03 9.560571e+03 9.503610e+03
13.5 9.333551e+03 9.353741e+03 9.529834e+03 9.509643e+03
0.5 8.881121e+03 8.970544e+03 9.145608e+03 9.056185e+03
1.5 9.003313e+03 9.001252e+03 9.176785e+03 9.178846e+03
2.5 9.196779e+03 9.147394e+03 9.323286e+03 9.372672e+03
3.5 9.297769e+03 9.292282e+03 9.468353e+03 9.473840e+03
4.5 9.327493e+03 9.384455e+03 9.560571e+03 9.503610e+03
5.5 9.333551e+03 9.353741e+03 9.529834e+03 9.509643e+03
6.5 9.199061e+03 9.207599e+03 9.383833e+03 9.375294e+03
7.5 9.010217e+03 9.062855e+03 9.239325e+03 9.186687e+03
8.5 8.879426e+03 8.974716e+03 9.145067e+03 9.049777e+03
9.5 9.008232e+03 9.005974e+03 9.095537e+03 9.097796e+03
10.5 9.156505e+03 9.138628e+03 9.072858e+03 9.090735e+03
11.5 9.203255e+03 9.263698e+03 9.063334e+03 9.002891e+03
12.5 9.341219e+03 9.336222e+03 9.059854e+03 9.064851e+03
13.5 9.383676e+03 9.295714e+03 9.058849e+03 9.146811e+03
0.5 8.989869e+03 8.954255e+03 9.071210e+03 9.106824e+03
1.5 9.109865e+03 8.993975e+03 9.152657e+03 9.268548e+03
2.5 9.237630e+03 9.144689e+03 9.322570e+03 9.415511e+03
3.5 9.323108e+03 9.291673e+03 9.477883e+03 9.509318e+03
4.5 9.419509e+03 9.384735e+03 9.574296e+03 9.609070e+03
5.5 9.385980e+03 9.354373e+03 9.545279e+03 9.576886e+03
6.5 9.334995e+03 9.208389e+03 9.400045e+03 9.526651e+03
7.5 9.149402e+03 9.063730e+03 9.255755e+03 9.341428e+03
8.5 8.973356e+03 8.976068e+03 9.161695e+03 9.158984e+03
9.5 9.034451e+03 9.011267e+03 9.112329e+03 9.135513e+03
10.5 9.183094e+03 9.151056e+03 9.089766e+03 9.121803e+03
11.5 9.263439e+03 9.282117e+03 9.080320e+03 9.061642e+03
12.5 9.322605e+03 9.357852e+03 9.076889e+03 9.041643e+03
13.5 9.390869e+03 9.315319e+03 9.075919e+03 9.151469e+03
0.5 8.932193e+03 8.959507e+03 9.084825e+03 9.057510e+03
1.5 8.985791e+03 8.997632e+03 9.166518e+03 9.154678e+03
2.5 9.028733e+03 9.147726e+03 9.336706e+03 9.217714e+03
3.5 9.217850e+03 9.294559e+03 9.492322e+03 9.415613e+03
4.5 9.377669e+03 9.387689e+03 9.589067e+03 9.579047e+03
5.5 9.373856e+03 9.357479e+03 9.560399e+03 9.576776e+03
6.5 9.166326e+03 9.211665e+03 9.415518e+03 9.370179e+03
7.5 9.029392e+03 9.067172e+03 9.271591e+03 9.233810e+03
8.5 8.947762e+03 8.979272e+03 9.177913e+03 9.146403e+03
9.5 8.959615e+03 9.010800e+03 9.128963e+03 9.077779e+03
10.5 9.075241e+03 9.143757e+03 9.106863e+03 9.038347e+03
11.5 9.266713e+03 9.269148e+03 9.097919e+03 9.095484e+03
12.5 9.355229e+03 9.341999e+03 9.095017e+03 9.108247e+03
13.5 9.306375e+03 9.301807e+03 9.094583e+03 9.099151e+03
0.5 9.025988e+03 8.970731e+03 9.114473e+03 9.169730e+03
1.5 8.974497e+03 9.009040e+03 9.196056e+03 9.161513e+03
2.5 9.214389e+03 9.159472e+03 9.366023e+03 9.420940e+03
