0.5 1.004807e+04 1.015585e+04 1.029983e+04 1.019204e+04
1.5 1.020646e+04 1.023764e+04 1.034089e+04 1.030972e+04
2.5 1.041671e+04 1.039273e+04 1.035903e+04 1.038301e+04
3.5 1.047616e+04 1.050596e+04 1.034090e+04 1.031111e+04
4.5 1.053792e+04 1.054248e+04 1.029554e+04 1.029099e+04
5.5 1.049971e+04 1.045390e+04 1.023615e+04 1.028196e+04
6.5 1.024747e+04 1.029296e+04 1.020791e+04 1.016242e+04
7.5 1.008759e+04 1.017459e+04 1.022063e+04 1.013363e+04
8.5 1.006516e+04 1.012436e+04 1.024410e+04 1.018490e+04
9.5 1.020696e+04 1.017136e+04 1.026178e+04 1.029738e+04
10.5 1.037424e+04 1.027991e+04 1.027168e+04 1.036601e+04
11.5 1.043792e+04 1.036555e+04 1.027645e+04 1.034882e+04
12.5 1.034779e+04 1.040041e+04 1.027859e+04 1.022598e+04
13.5 1.036414e+04 1.034642e+04 1.027948e+04 1.029720e+04
0.5 1.000044e+04 1.011819e+04 1.030067e+04 1.018292e+04
1.5 1.017180e+04 1.020775e+04 1.034170e+04 1.030575e+04
2.5 1.037845e+04 1.036694e+04 1.035982e+04 1.037133e+04
3.5 1.043380e+04 1.048263e+04 1.034169e+04 1.029286e+04
4.5 1.051962e+04 1.052087e+04 1.029631e+04 1.029507e+04
5.5 1.042289e+04 1.043369e+04 1.023689e+04 1.022608e+04
6.5 1.020384e+04 1.027398e+04 1.020862e+04 1.013849e+04
7.5 1.006925e+04 1.015668e+04 1.022131e+04 1.013388e+04
8.5 1.004932e+04 1.010747e+04 1.024474e+04 1.018660e+04
9.5 1.015548e+04 1.015544e+04 1.026239e+04 1.026243e+04
10.5 1.029750e+04 1.026492e+04 1.027226e+04 1.030483e+04
11.5 1.026280e+04 1.035149e+04 1.027700e+04 1.018831e+04
12.5 1.035849e+04 1.038724e+04 1.027910e+04 1.025036e+04
13.5 1.035159e+04 1.033411e+04 1.027995e+04 1.029743e+04
0.5 1.009327e+04 1.011737e+04 1.030108e+04 1.027698e+04
1.5 1.023100e+04 1.020134e+04 1.034206e+04 1.037173e+04
2.5 1.039155e+04 1.035856e+04 1.036015e+04 1.039313e+04
3.5 1.045208e+04 1.047389e+04 1.034198e+04 1.032017e+04
4.5 1.049574e+04 1.051246e+04 1.029657e+04 1.027984e+04
5.5 1.045150e+04 1.042585e+04 1.023711e+04 1.026276e+04
6.5 1.031156e+04 1.026677e+04 1.020881e+04 1.025361e+04
7.5 1.010816e+04 1.015018e+04 1.022146e+04 1.017944e+04
8.5 1.003901e+04 1.010421e+04 1.024486e+04 1.017966e+04
9.5 1.018273e+04 1.017094e+04 1.026248e+04 1.027427e+04
10.5 1.026659e+04 1.031150e+04 1.027232e+04 1.022741e+04
11.5 1.035913e+04 1.042260e+04 1.027703e+04 1.021357e+04
12.5 1.041011e+04 1.046989e+04 1.027911e+04 1.021933e+04
13.5 1.045581e+04 1.040558e+04 1.027994e+04 1.033017e+04
0.5 1.019325e+04 1.010533e+04 1.030072e+04 1.038863e+04
1.5 1.025571e+04 1.019584e+04 1.034169e+04 1.040156e+04
2.5 1.037207e+04 1.035591e+04 1.035976e+04 1.037592e+04
3.5 1.046169e+04 1.047241e+04 1.034158e+04 1.033085e+04
4.5 1.048576e+04 1.051141e+04 1.029615e+04 1.027050e+04
5.5 1.048613e+04 1.042496e+04 1.023669e+04 1.029786e+04
6.5 1.023442e+04 1.026594e+04 1.020839e+04 1.017688e+04
7.5 1.019668e+04 1.014936e+04 1.022105e+04 1.026837e+04
8.5 1.013391e+04 1.010341e+04 1.024443e+04 1.027494e+04
9.5 1.029078e+04 1.017012e+04 1.026203e+04 1.038269e+04
10.5 1.035257e+04 1.031063e+04 1.027185e+04 1.031379e+04
11.5 1.034593e+04 1.042164e+04 1.027654e+04 1.020083e+04
12.5 1.047570e+04 1.046883e+04 1.027861e+04 1.028547e+04
13.5 1.051696e+04 1.040442e+04 1.027943e+04 1.039198e+04
0.5 1.008194e+04 1.010238e+04 1.030023e+04 1.027979e+04
1.5 1.022340e+04 1.019281e+04 1.034121e+04 1.037180e+04
2.5 1.036382e+04 1.035281e+04 1.035930e+04 1.037031e+04
3.5 1.041560e+04 1.046922e+04 1.034113e+04 1.028751e+04
4.5 1.053931e+04 1.050812e+04 1.029571e+04 1.032690e+04
5.5 1.050706e+04 1.042156e+04 1.023626e+04 1.032176e+04
6.5 1.029118e+04 1.026244e+04 1.020797e+04 1.023671e+04
7.5 1.008457e+04 1.014571e+04 1.022063e+04 1.015949e+04
8.5 1.015821e+04 1.009703e+04 1.024404e+04 1.030523e+04
9.5 1.015110e+04 1.014549e+04 1.026167e+04 1.026729e+04
10.5 1.026560e+04 1.025540e+04 1.027153e+04 1.028173e+04
11.5 1.026066e+04 1.034232e+04 1.027625e+04 1.019459e+04
12.5 1.036249e+04 1.037838e+04 1.027835e+04 1.026246e+04
13.5 1.035493e+04 1.032555e+04 1.027921e+04 1.030859e+04
0.5 1.013354e+04 1.011116e+04 1.030047e+04 1.032285e+04
1.5 1.021476e+04 1.019530e+04 1.034148e+04 1.036094e+04
2.5 1.035565e+04 1.035268e+04 1.035960e+04 1.036257e+04
3.5 1.044337e+04 1.046813e+04 1.034146e+04 1.031670e+04
4.5 1.053414e+04 1.050680e+04 1.029608e+04 1.032342e+04
5.5 1.049602e+04 1.042030e+04 1.023665e+04 1.031237e+04
6.5 1.025590e+04 1.026135e+04 1.020839e+04 1.020293e+04
7.5 1.013397e+04 1.014516e+04 1.022173e+04 1.021054e+04
8.5 1.013005e+04 1.010627e+04 1.026508e+04 1.028886e+04
9.5 1.019636e+04 1.019283e+04 1.032372e+04 1.032725e+04
10.5 1.032090e+04 1.035196e+04 1.035168e+04 1.032062e+04
11.5 1.042786e+04 1.046842e+04 1.033826e+04 1.029770e+04
12.5 1.044180e+04 1.050766e+04 1.029496e+04 1.022910e+04
13.5 1.052330e+04 1.042149e+04 1.023637e+04 1.033818e+04
0.5 1.013005e+04 1.010627e+04 1.026508e+04 1.028886e+04
1.5 1.019636e+04 1.019283e+04 1.032372e+04 1.032725e+04
2.5 1.032090e+04 1.035196e+04 1.035168e+04 1.032062e+04
3.5 1.042786e+04 1.046842e+04 1.033826e+04 1.029770e+04
4.5 1.044180e+04 1.050766e+04 1.029496e+04 1.022910e+04
5.5 1.052330e+04 1.042149e+04 1.023637e+04 1.033818e+04
6.5 1.028215e+04 1.026278e+04 1.020846e+04 1.022783e+04
7.5 1.006172e+04 1.014656e+04 1.022128e+04 1.013644e+04
8.5 1.011298e+04 1.010095e+04 1.024471e+04 1.025673e+04
9.5 1.011701e+04 1.016805e+04 1.026235e+04 1.021131e+04
10.5 1.021127e+04 1.030897e+04 1.027221e+04 1.017451e+04
11.5 1.031887e+04 1.042041e+04 1.027695e+04 1.017540e+04
12.5 1.044311e+04 1.046805e+04 1.027905e+04 1.025411e+04
13.5 1.040842e+04 1.040408e+04 1.027989e+04 1.028423e+04
0.5 1.011438e+04 1.011175e+04 1.030056e+04 1.030319e+04
1.5 1.023535e+04 1.020256e+04 1.034150e+04 1.037429e+04
2.5 1.044405e+04 1.036300e+04 1.035953e+04 1.044058e+04
3.5 1.045063e+04 1.047992e+04 1.034130e+04 1.031202e+04
4.5 1.042167e+04 1.051934e+04 1.029583e+04 1.019816e+04
5.5 1.043130e+04 1.043324e+04 1.023631e+04 1.023438e+04
6.5 1.030832e+04 1.027443e+04 1.020795e+04 1.024183e+04
7.5 1.014170e+04 1.015797e+04 1.022054e+04 1.020428e+04
8.5 1.011470e+04 1.011208e+04 1.024388e+04 1.024650e+04
9.5 1.012831e+04 1.017889e+04 1.026143e+04 1.021086e+04
10.5 1.037700e+04 1.031960e+04 1.027120e+04 1.032860e+04
