0.5 1.008075e+04 1.012361e+04 1.029406e+04 1.025120e+04
1.5 1.023482e+04 1.021400e+04 1.032082e+04 1.034165e+04
2.5 1.036309e+04 1.036207e+04 1.033185e+04 1.033287e+04
3.5 1.042862e+04 1.047409e+04 1.031885e+04 1.027337e+04
4.5 1.042713e+04 1.051963e+04 1.028806e+04 1.019555e+04
5.5 1.048144e+04 1.045273e+04 1.024863e+04 1.027734e+04
6.5 1.030807e+04 1.031110e+04 1.023058e+04 1.022756e+04
7.5 1.012928e+04 1.019833e+04 1.023977e+04 1.017072e+04
8.5 1.004807e+04 1.015585e+04 1.025582e+04 1.014803e+04
9.5 1.020646e+04 1.023764e+04 1.026777e+04 1.023660e+04
10.5 1.041671e+04 1.039273e+04 1.027440e+04 1.029839e+04
11.5 1.047616e+04 1.050596e+04 1.027755e+04 1.024776e+04
12.5 1.053792e+04 1.054248e+04 1.027892e+04 1.027436e+04
13.5 1.049971e+04 1.045390e+04 1.027944e+04 1.032525e+04
0.5 1.004400e+04 1.010106e+04 1.029291e+04 1.023585e+04
1.5 1.022262e+04 1.017167e+04 1.031972e+04 1.037067e+04
2.5 1.035415e+04 1.031315e+04 1.033080e+04 1.037180e+04
3.5 1.045845e+04 1.042430e+04 1.031786e+04 1.035201e+04
4.5 1.055018e+04 1.047138e+04 1.028712e+04 1.036592e+04
5.5 1.043034e+04 1.040685e+04 1.024776e+04 1.027125e+04
6.5 1.029160e+04 1.026775e+04 1.022977e+04 1.025362e+04
7.5 1.016641e+04 1.015753e+04 1.023901e+04 1.024788e+04
8.5 1.009327e+04 1.011737e+04 1.025512e+04 1.023102e+04
9.5 1.023100e+04 1.020134e+04 1.026713e+04 1.029680e+04
10.5 1.039155e+04 1.035856e+04 1.027382e+04 1.030680e+04
11.5 1.045208e+04 1.047389e+04 1.027702e+04 1.025522e+04
12.5 1.049574e+04 1.051246e+04 1.027845e+04 1.026172e+04
13.5 1.045150e+04 1.042585e+04 1.027902e+04 1.030467e+04
0.5 1.003901e+04 1.010421e+04 1.029303e+04 1.022782e+04
1.5 1.018273e+04 1.017094e+04 1.031984e+04 1.033163e+04
2.5 1.026659e+04 1.031150e+04 1.033093e+04 1.028601e+04
3.5 1.035913e+04 1.042260e+04 1.031799e+04 1.025453e+04
4.5 1.041011e+04 1.046989e+04 1.028727e+04 1.022748e+04
5.5 1.045581e+04 1.040558e+04 1.024790e+04 1.029814e+04
6.5 1.030673e+04 1.026669e+04 1.022991e+04 1.026995e+04
7.5 1.011277e+04 1.015640e+04 1.023916e+04 1.019553e+04
8.5 1.011950e+04 1.010682e+04 1.025526e+04 1.026794e+04
9.5 1.016023e+04 1.015307e+04 1.026728e+04 1.027443e+04
10.5 1.032553e+04 1.026147e+04 1.027396e+04 1.033803e+04
11.5 1.031273e+04 1.034767e+04 1.027716e+04 1.024222e+04
12.5 1.031512e+04 1.038348e+04 1.027858e+04 1.021022e+04
13.5 1.033593e+04 1.033063e+04 1.027915e+04 1.028446e+04
0.5 1.013391e+04 1.010341e+04 1.029327e+04 1.032378e+04
1.5 1.029078e+04 1.017012e+04 1.032009e+04 1.044074e+04
2.5 1.035257e+04 1.031063e+04 1.033117e+04 1.037312e+04
3.5 1.034593e+04 1.042164e+04 1.031823e+04 1.024253e+04
4.5 1.047570e+04 1.046883e+04 1.028750e+04 1.029437e+04
5.5 1.051696e+04 1.040442e+04 1.024814e+04 1.036069e+04
6.5 1.030781e+04 1.026545e+04 1.023015e+04 1.027250e+04
7.5 1.002671e+04 1.015516e+04 1.023982e+04 1.011138e+04
8.5 1.003978e+04 1.010820e+04 1.026916e+04 1.020074e+04
9.5 1.016606e+04 1.017260e+04 1.030798e+04 1.030144e+04
10.5 1.027104e+04 1.031146e+04 1.032574e+04 1.028532e+04
11.5 1.039800e+04 1.042160e+04 1.031600e+04 1.029240e+04
12.5 1.043945e+04 1.046836e+04 1.028668e+04 1.025776e+04
13.5 1.041577e+04 1.040377e+04 1.024787e+04 1.025988e+04
0.5 1.003978e+04 1.010820e+04 1.026916e+04 1.020074e+04
1.5 1.016606e+04 1.017260e+04 1.030798e+04 1.030144e+04
2.5 1.027104e+04 1.031146e+04 1.032574e+04 1.028532e+04
3.5 1.039800e+04 1.042160e+04 1.031600e+04 1.029240e+04
4.5 1.043945e+04 1.046836e+04 1.028668e+04 1.025776e+04
5.5 1.041577e+04 1.040377e+04 1.024787e+04 1.025988e+04
6.5 1.018465e+04 1.026471e+04 1.023013e+04 1.015007e+04
7.5 1.004081e+04 1.015429e+04 1.023946e+04 1.012598e+04
8.5 1.004143e+04 1.010463e+04 1.025556e+04 1.019236e+04
9.5 1.020974e+04 1.015078e+04 1.026757e+04 1.032653e+04
10.5 1.032297e+04 1.025904e+04 1.027425e+04 1.033819e+04
11.5 1.034945e+04 1.034509e+04 1.027745e+04 1.028181e+04
12.5 1.038556e+04 1.038074e+04 1.027887e+04 1.028368e+04
13.5 1.045251e+04 1.032774e+04 1.027943e+04 1.040421e+04
0.5 1.014572e+04 1.009340e+04 1.029338e+04 1.034570e+04
1.5 1.023466e+04 1.016429e+04 1.032018e+04 1.039056e+04
2.5 1.045676e+04 1.030598e+04 1.033126e+04 1.048203e+04
3.5 1.045911e+04 1.041731e+04 1.031830e+04 1.036010e+04
4.5 1.049292e+04 1.046454e+04 1.028756e+04 1.031595e+04
5.5 1.046631e+04 1.040013e+04 1.024819e+04 1.031437e+04
6.5 1.038866e+04 1.026118e+04 1.023019e+04 1.035767e+04
7.5 1.020103e+04 1.015114e+04 1.023943e+04 1.028932e+04
8.5 1.013354e+04 1.011116e+04 1.025552e+04 1.027790e+04
9.5 1.021476e+04 1.019530e+04 1.026752e+04 1.028697e+04
10.5 1.035565e+04 1.035268e+04 1.027419e+04 1.027716e+04
11.5 1.044337e+04 1.046813e+04 1.027737e+04 1.025261e+04
12.5 1.053414e+04 1.050680e+04 1.027878e+04 1.030612e+04
13.5 1.049602e+04 1.042030e+04 1.027935e+04 1.035506e+04
0.5 1.011298e+04 1.010095e+04 1.029338e+04 1.030540e+04
1.5 1.011701e+04 1.016805e+04 1.032019e+04 1.026915e+04
2.5 1.021127e+04 1.030897e+04 1.033127e+04 1.023357e+04
3.5 1.031887e+04 1.042041e+04 1.031832e+04 1.021678e+04
4.5 1.044311e+04 1.046805e+04 1.028758e+04 1.026265e+04
5.5 1.040842e+04 1.040408e+04 1.024821e+04 1.025255e+04
6.5 1.023522e+04 1.026556e+04 1.023022e+04 1.019988e+04
7.5 1.011559e+04 1.015566e+04 1.023945e+04 1.019938e+04
8.5 1.012467e+04 1.010651e+04 1.025556e+04 1.027371e+04
9.5 1.010369e+04 1.015320e+04 1.026756e+04 1.021805e+04
10.5 1.020284e+04 1.026203e+04 1.027424e+04 1.021505e+04
11.5 1.030846e+04 1.034867e+04 1.027744e+04 1.023723e+04
12.5 1.042474e+04 1.038490e+04 1.027885e+04 1.031869e+04
13.5 1.027031e+04 1.033245e+04 1.027941e+04 1.021726e+04
0.5 1.011470e+04 1.011208e+04 1.029318e+04 1.029580e+04
1.5 1.012831e+04 1.017889e+04 1.031996e+04 1.026938e+04
2.5 1.037700e+04 1.031960e+04 1.033100e+04 1.038839e+04
