0.5 8.931009e+03 8.944561e+03 8.927882e+03 8.914330e+03
1.5 8.923553e+03 8.943056e+03 8.926482e+03 8.906979e+03
2.5 9.013634e+03 8.940039e+03 8.923507e+03 8.997103e+03
3.5 9.008101e+03 8.940110e+03 8.920790e+03 8.988781e+03
4.5 9.004453e+03 8.943699e+03 8.919117e+03 8.979872e+03
5.5 8.975833e+03 8.950854e+03 8.919672e+03 8.944651e+03
6.5 8.978179e+03 8.956607e+03 8.922291e+03 8.943864e+03
7.5 8.930140e+03 8.957805e+03 8.924892e+03 8.897227e+03
8.5 8.939927e+03 8.955716e+03 8.926599e+03 8.910809e+03
9.5 8.934982e+03 8.944152e+03 8.927509e+03 8.918339e+03
10.5 8.951489e+03 8.924754e+03 8.927941e+03 8.954676e+03
11.5 8.937419e+03 8.909028e+03 8.928138e+03 8.956529e+03
12.5 8.948734e+03 8.901062e+03 8.928227e+03 8.975899e+03
13.5 8.920939e+03 8.907146e+03 8.928271e+03 8.942064e+03
0.5 8.983829e+03 8.945382e+03 8.928279e+03 8.966727e+03
1.5 8.981359e+03 8.943962e+03 8.926854e+03 8.964251e+03
2.5 8.983063e+03 8.941020e+03 8.923857e+03 8.965900e+03
3.5 8.982712e+03 8.941154e+03 8.921117e+03 8.962675e+03
4.5 8.958238e+03 8.944797e+03 8.919424e+03 8.932865e+03
5.5 8.950784e+03 8.952000e+03 8.919960e+03 8.918743e+03
6.5 8.955721e+03 8.957794e+03 8.922560e+03 8.920488e+03
7.5 8.984419e+03 8.959032e+03 8.925144e+03 8.950531e+03
8.5 9.001856e+03 8.956829e+03 8.926834e+03 8.971861e+03
9.5 8.958672e+03 8.938694e+03 8.927730e+03 8.947708e+03
10.5 8.894603e+03 8.905250e+03 8.928148e+03 8.917502e+03
11.5 8.869453e+03 8.876551e+03 8.928333e+03 8.921235e+03
12.5 8.854190e+03 8.860414e+03 8.928410e+03 8.922186e+03
13.5 8.867829e+03 8.868732e+03 8.928443e+03 8.927541e+03
0.5 8.944131e+03 8.939769e+03 8.928507e+03 8.932869e+03
1.5 8.945080e+03 8.942530e+03 8.927071e+03 8.929621e+03
2.5 8.969749e+03 8.941500e+03 8.924062e+03 8.952311e+03
3.5 8.943557e+03 8.942430e+03 8.921313e+03 8.922440e+03
4.5 8.918588e+03 8.946354e+03 8.919610e+03 8.891844e+03
5.5 8.948924e+03 8.953628e+03 8.920136e+03 8.915433e+03
6.5 8.965883e+03 8.959413e+03 8.922728e+03 8.929198e+03
7.5 8.969033e+03 8.960557e+03 8.925303e+03 8.933778e+03
8.5 8.960998e+03 8.957506e+03 8.926938e+03 8.930429e+03
9.5 8.916731e+03 8.950605e+03 8.926387e+03 8.892513e+03
10.5 8.894476e+03 8.945002e+03 8.923786e+03 8.873260e+03
11.5 8.927370e+03 8.943932e+03 8.921210e+03 8.904649e+03
12.5 8.968809e+03 8.947054e+03 8.919575e+03 8.941329e+03
13.5 8.976376e+03 8.954022e+03 8.920124e+03 8.942478e+03
0.5 8.960998e+03 8.957506e+03 8.926938e+03 8.930429e+03
1.5 8.916731e+03 8.950605e+03 8.926387e+03 8.892513e+03
2.5 8.894476e+03 8.945002e+03 8.923786e+03 8.873260e+03
3.5 8.927370e+03 8.943932e+03 8.921210e+03 8.904649e+03
4.5 8.968809e+03 8.947054e+03 8.919575e+03 8.941329e+03
5.5 8.976376e+03 8.954022e+03 8.920124e+03 8.942478e+03
6.5 8.983103e+03 8.959689e+03 8.922723e+03 8.946136e+03
7.5 9.000176e+03 8.960861e+03 8.925294e+03 8.964609e+03
8.5 8.989328e+03 8.958751e+03 8.926973e+03 8.957550e+03
9.5 8.987751e+03 8.947165e+03 8.927857e+03 8.968443e+03
10.5 8.927125e+03 8.927745e+03 8.928264e+03 8.927644e+03
11.5 8.916285e+03 8.911993e+03 8.928437e+03 8.932729e+03
12.5 8.928686e+03 8.903995e+03 8.928503e+03 8.953194e+03
13.5 8.943291e+03 8.910040e+03 8.928524e+03 8.961776e+03
0.5 8.922356e+03 8.940828e+03 8.928383e+03 8.909911e+03
1.5 8.909710e+03 8.943555e+03 8.926938e+03 8.893093e+03
2.5 8.892701e+03 8.942493e+03 8.923920e+03 8.874128e+03
3.5 8.888017e+03 8.943392e+03 8.921162e+03 8.865787e+03
4.5 8.864210e+03 8.947285e+03 8.919451e+03 8.836376e+03
5.5 8.898462e+03 8.954525e+03 8.919968e+03 8.863906e+03
6.5 8.929769e+03 8.960275e+03 8.922552e+03 8.892046e+03
7.5 8.934310e+03 8.961425e+03 8.925118e+03 8.898003e+03
8.5 8.973771e+03 8.959286e+03 8.926791e+03 8.941275e+03
9.5 8.990987e+03 8.947658e+03 8.927670e+03 8.970999e+03
10.5 8.951202e+03 8.928189e+03 8.928073e+03 8.951086e+03
11.5 8.911933e+03 8.912387e+03 8.928243e+03 8.927789e+03
12.5 8.894966e+03 8.904340e+03 8.928306e+03 8.918932e+03
13.5 8.921758e+03 8.910336e+03 8.928326e+03 8.939747e+03
0.5 8.977099e+03 8.948269e+03 8.928268e+03 8.957097e+03
1.5 8.965176e+03 8.946745e+03 8.926822e+03 8.945253e+03
2.5 8.982800e+03 8.943702e+03 8.923805e+03 8.962903e+03
3.5 8.970544e+03 8.943741e+03 8.921047e+03 8.947849e+03
4.5 8.986081e+03 8.947291e+03 8.919336e+03 8.958126e+03
5.5 8.979462e+03 8.954398e+03 8.919855e+03 8.944918e+03
6.5 8.979485e+03 8.960093e+03 8.922440e+03 8.941831e+03
7.5 8.954581e+03 8.961228e+03 8.925009e+03 8.918361e+03
8.5 8.944474e+03 8.958919e+03 8.926685e+03 8.912241e+03
9.5 8.961864e+03 8.940676e+03 8.927568e+03 8.948756e+03
10.5 8.937512e+03 8.907127e+03 8.927974e+03 8.958359e+03
11.5 8.892544e+03 8.878326e+03 8.928148e+03 8.942366e+03
12.5 8.881697e+03 8.862090e+03 8.928215e+03 8.947823e+03
13.5 8.875885e+03 8.870305e+03 8.928239e+03 8.933820e+03
0.5 8.902388e+03 8.937234e+03 8.928514e+03 8.893668e+03
1.5 8.850807e+03 8.939745e+03 8.927099e+03 8.838161e+03
2.5 8.853903e+03 8.938462e+03 8.924112e+03 8.839552e+03
3.5 8.896385e+03 8.939138e+03 8.921384e+03 8.878631e+03
4.5 8.923834e+03 8.942808e+03 8.919703e+03 8.900729e+03
5.5 8.924115e+03 8.949827e+03 8.920251e+03 8.894539e+03
6.5 8.873668e+03 8.955360e+03 8.922864e+03 8.841172e+03
7.5 8.930315e+03 8.956255e+03 8.925460e+03 8.899521e+03
8.5 8.997025e+03 8.952953e+03 8.927116e+03 8.971188e+03
9.5 8.978778e+03 8.945803e+03 8.926584e+03 8.959559e+03
10.5 8.908295e+03 8.939952e+03 8.924002e+03 8.892345e+03
11.5 8.936031e+03 8.938636e+03 8.921445e+03 8.918839e+03
12.5 9.000637e+03 8.941517e+03 8.919825e+03 8.978945e+03
13.5 8.983186e+03 8.948258e+03 8.920390e+03 8.955318e+03
0.5 8.997025e+03 8.952953e+03 8.927116e+03 8.971188e+03
1.5 8.978778e+03 8.945803e+03 8.926584e+03 8.959559e+03
2.5 8.908295e+03 8.939952e+03 8.924002e+03 8.892345e+03
3.5 8.936031e+03 8.938636e+03 8.921445e+03 8.918839e+03
4.5 9.000637e+03 8.941517e+03 8.919825e+03 8.978945e+03
5.5 8.983186e+03 8.948258e+03 8.920390e+03 8.955318e+03
6.5 8.955954e+03 8.953721e+03 8.923001e+03 8.925234e+03
7.5 8.910056e+03 8.954708e+03 8.925584e+03 8.880932e+03
8.5 8.907554e+03 8.952432e+03 8.927272e+03 8.882395e+03
9.5 8.920964e+03 8.940685e+03 8.928163e+03 8.908441e+03
10.5 8.910015e+03 8.921101e+03 8.928573e+03 8.917487e+03
11.5 8.893823e+03 8.905187e+03 8.928747e+03 8.917383e+03
12.5 8.878168e+03 8.897039e+03 8.928810e+03 8.909939e+03
13.5 8.888000e+03 8.902954e+03 8.928827e+03 8.913873e+03
