0.5 1.089780e+04 1.081527e+04 1.076391e+04 1.084643e+04
1.5 1.088284e+04 1.077872e+04 1.074856e+04 1.085269e+04
2.5 1.079644e+04 1.072734e+04 1.074224e+04 1.081134e+04
3.5 1.070664e+04 1.069366e+04 1.074970e+04 1.076268e+04
4.5 1.065629e+04 1.068602e+04 1.076735e+04 1.073762e+04
5.5 1.064141e+04 1.071710e+04 1.078995e+04 1.071426e+04
6.5 1.075808e+04 1.076720e+04 1.080030e+04 1.079118e+04
7.5 1.075872e+04 1.080104e+04 1.079504e+04 1.075272e+04
8.5 1.073808e+04 1.080656e+04 1.078583e+04 1.071735e+04
9.5 1.077412e+04 1.077146e+04 1.077898e+04 1.078164e+04
10.5 1.079314e+04 1.072187e+04 1.077518e+04 1.084645e+04
11.5 1.074014e+04 1.069352e+04 1.077337e+04 1.082000e+04
12.5 1.073830e+04 1.069380e+04 1.077259e+04 1.081709e+04
13.5 1.079472e+04 1.073301e+04 1.077229e+04 1.083400e+04
0.5 1.078224e+04 1.083468e+04 1.076457e+04 1.071212e+04
1.5 1.083009e+04 1.079429e+04 1.074920e+04 1.078500e+04
2.5 1.074020e+04 1.073991e+04 1.074284e+04 1.074313e+04
3.5 1.074278e+04 1.070436e+04 1.075026e+04 1.078868e+04
4.5 1.071449e+04 1.069555e+04 1.076788e+04 1.078682e+04
5.5 1.068607e+04 1.072587e+04 1.079045e+04 1.075066e+04
6.5 1.075072e+04 1.077540e+04 1.080077e+04 1.077609e+04
7.5 1.091462e+04 1.080877e+04 1.079547e+04 1.090132e+04
8.5 1.086895e+04 1.081393e+04 1.078623e+04 1.084126e+04
9.5 1.079237e+04 1.077848e+04 1.077935e+04 1.079324e+04
10.5 1.071827e+04 1.072853e+04 1.077551e+04 1.076525e+04
11.5 1.070515e+04 1.069982e+04 1.077367e+04 1.077901e+04
12.5 1.068921e+04 1.069974e+04 1.077286e+04 1.076233e+04
13.5 1.070659e+04 1.073862e+04 1.077253e+04 1.074051e+04
0.5 1.078753e+04 1.082342e+04 1.076450e+04 1.072861e+04
1.5 1.078912e+04 1.078960e+04 1.074913e+04 1.074865e+04
2.5 1.072759e+04 1.073826e+04 1.074277e+04 1.073210e+04
3.5 1.073028e+04 1.070400e+04 1.075019e+04 1.077647e+04
4.5 1.073494e+04 1.069567e+04 1.076780e+04 1.080707e+04
5.5 1.074080e+04 1.072614e+04 1.079037e+04 1.080503e+04
6.5 1.075094e+04 1.077569e+04 1.080069e+04 1.077593e+04
7.5 1.083433e+04 1.080902e+04 1.079539e+04 1.082070e+04
8.5 1.084340e+04 1.081406e+04 1.078615e+04 1.081549e+04
9.5 1.084884e+04 1.078789e+04 1.077926e+04 1.084022e+04
10.5 1.080331e+04 1.075882e+04 1.077543e+04 1.081992e+04
11.5 1.081271e+04 1.074992e+04 1.077360e+04 1.083639e+04
12.5 1.072596e+04 1.076283e+04 1.077278e+04 1.073592e+04
13.5 1.077407e+04 1.079923e+04 1.077246e+04 1.074729e+04
0.5 1.085112e+04 1.082398e+04 1.076436e+04 1.079149e+04
1.5 1.079225e+04 1.079018e+04 1.074899e+04 1.075105e+04
2.5 1.070428e+04 1.073887e+04 1.074263e+04 1.070804e+04
3.5 1.069122e+04 1.070465e+04 1.075005e+04 1.073661e+04
4.5 1.071809e+04 1.069637e+04 1.076767e+04 1.078940e+04
5.5 1.070264e+04 1.072687e+04 1.079024e+04 1.076601e+04
6.5 1.073933e+04 1.077646e+04 1.080055e+04 1.076342e+04
7.5 1.069971e+04 1.080993e+04 1.079500e+04 1.068478e+04
8.5 1.072648e+04 1.081794e+04 1.077818e+04 1.068671e+04
9.5 1.077555e+04 1.078738e+04 1.075593e+04 1.074409e+04
10.5 1.068352e+04 1.073782e+04 1.074574e+04 1.069145e+04
11.5 1.066961e+04 1.070442e+04 1.075133e+04 1.071652e+04
12.5 1.064028e+04 1.069648e+04 1.076814e+04 1.071194e+04
13.5 1.064622e+04 1.072713e+04 1.079039e+04 1.070948e+04
0.5 1.072648e+04 1.081794e+04 1.077818e+04 1.068671e+04
1.5 1.077555e+04 1.078738e+04 1.075593e+04 1.074409e+04
2.5 1.068352e+04 1.073782e+04 1.074574e+04 1.069145e+04
3.5 1.066961e+04 1.070442e+04 1.075133e+04 1.071652e+04
4.5 1.064028e+04 1.069648e+04 1.076814e+04 1.071194e+04
5.5 1.064622e+04 1.072713e+04 1.079039e+04 1.070948e+04
6.5 1.073855e+04 1.077677e+04 1.080056e+04 1.076235e+04
7.5 1.077147e+04 1.081014e+04 1.079521e+04 1.075654e+04
8.5 1.079877e+04 1.081520e+04 1.078598e+04 1.076955e+04
9.5 1.085946e+04 1.078907e+04 1.077909e+04 1.084948e+04
10.5 1.075725e+04 1.076004e+04 1.077526e+04 1.077247e+04
11.5 1.068587e+04 1.075119e+04 1.077343e+04 1.070811e+04
12.5 1.071069e+04 1.076415e+04 1.077262e+04 1.071916e+04
13.5 1.074003e+04 1.080059e+04 1.077229e+04 1.071173e+04
0.5 1.085897e+04 1.083750e+04 1.076430e+04 1.078576e+04
1.5 1.085257e+04 1.079704e+04 1.074893e+04 1.080446e+04
2.5 1.078709e+04 1.074260e+04 1.074258e+04 1.078707e+04
3.5 1.074740e+04 1.070701e+04 1.075001e+04 1.079040e+04
4.5 1.072454e+04 1.069816e+04 1.076763e+04 1.079401e+04
5.5 1.076846e+04 1.072843e+04 1.079021e+04 1.083024e+04
6.5 1.084306e+04 1.077790e+04 1.080053e+04 1.086569e+04
7.5 1.094234e+04 1.081121e+04 1.079523e+04 1.092636e+04
8.5 1.092123e+04 1.081629e+04 1.078600e+04 1.089094e+04
9.5 1.082783e+04 1.078078e+04 1.077913e+04 1.082618e+04
10.5 1.074448e+04 1.073077e+04 1.077530e+04 1.078901e+04
11.5 1.071534e+04 1.070201e+04 1.077348e+04 1.078681e+04
12.5 1.072684e+04 1.070188e+04 1.077267e+04 1.079763e+04
13.5 1.070688e+04 1.074069e+04 1.077234e+04 1.073853e+04
0.5 1.085242e+04 1.082424e+04 1.076430e+04 1.079248e+04
1.5 1.071880e+04 1.079023e+04 1.074893e+04 1.067749e+04
2.5 1.056431e+04 1.073871e+04 1.074257e+04 1.056818e+04
3.5 1.065340e+04 1.070426e+04 1.075000e+04 1.069914e+04
4.5 1.076637e+04 1.069574e+04 1.076762e+04 1.083825e+04
5.5 1.073359e+04 1.072600e+04 1.079019e+04 1.079778e+04
6.5 1.079216e+04 1.077534e+04 1.080051e+04 1.081732e+04
7.5 1.086551e+04 1.080844e+04 1.079522e+04 1.085229e+04
8.5 1.081756e+04 1.081325e+04 1.078598e+04 1.079030e+04
9.5 1.080522e+04 1.078684e+04 1.077910e+04 1.079748e+04
10.5 1.072414e+04 1.075754e+04 1.077527e+04 1.074188e+04
11.5 1.077002e+04 1.074840e+04 1.077344e+04 1.079506e+04
12.5 1.080992e+04 1.076108e+04 1.077263e+04 1.082147e+04
13.5 1.082074e+04 1.079724e+04 1.077231e+04 1.079581e+04
0.5 1.074545e+04 1.081859e+04 1.076441e+04 1.069127e+04
1.5 1.066842e+04 1.078475e+04 1.074906e+04 1.063273e+04
2.5 1.075116e+04 1.073338e+04 1.074273e+04 1.076051e+04
