0.5 1.006516e+04 1.012436e+04 1.023159e+04 1.017239e+04
1.5 1.020696e+04 1.017136e+04 1.028316e+04 1.031875e+04
2.5 1.037424e+04 1.027991e+04 1.039272e+04 1.048705e+04
3.5 1.043792e+04 1.036555e+04 1.049279e+04 1.056516e+04
4.5 1.034779e+04 1.040041e+04 1.055439e+04 1.050178e+04
5.5 1.036414e+04 1.034642e+04 1.053395e+04 1.055168e+04
6.5 1.021135e+04 1.023405e+04 1.043750e+04 1.041480e+04
7.5 1.003797e+04 1.014593e+04 1.034171e+04 1.023376e+04
8.5 1.000044e+04 1.011819e+04 1.027886e+04 1.016111e+04
9.5 1.017180e+04 1.020775e+04 1.024533e+04 1.020938e+04
10.5 1.037845e+04 1.036694e+04 1.022942e+04 1.024093e+04
11.5 1.043380e+04 1.048263e+04 1.022216e+04 1.017333e+04
12.5 1.051962e+04 1.052087e+04 1.021889e+04 1.021765e+04
13.5 1.042289e+04 1.043369e+04 1.021728e+04 1.020648e+04
0.5 1.004932e+04 1.010747e+04 1.021697e+04 1.015883e+04
1.5 1.015548e+04 1.015544e+04 1.026944e+04 1.026948e+04
2.5 1.029750e+04 1.026492e+04 1.037985e+04 1.041242e+04
3.5 1.026280e+04 1.035149e+04 1.048073e+04 1.039204e+04
4.5 1.035849e+04 1.038724e+04 1.054309e+04 1.051434e+04
5.5 1.035159e+04 1.033411e+04 1.052337e+04 1.054085e+04
6.5 1.024133e+04 1.022255e+04 1.042759e+04 1.044636e+04
7.5 1.010471e+04 1.013496e+04 1.033244e+04 1.030218e+04
8.5 1.004400e+04 1.010106e+04 1.027018e+04 1.021312e+04
9.5 1.022262e+04 1.017167e+04 1.023720e+04 1.028815e+04
10.5 1.035415e+04 1.031315e+04 1.022179e+04 1.026280e+04
11.5 1.045845e+04 1.042430e+04 1.021500e+04 1.024916e+04
12.5 1.055018e+04 1.047138e+04 1.021216e+04 1.029096e+04
13.5 1.043034e+04 1.040685e+04 1.021094e+04 1.023444e+04
0.5 1.011950e+04 1.010682e+04 1.020859e+04 1.022127e+04
1.5 1.016023e+04 1.015307e+04 1.026147e+04 1.026862e+04
2.5 1.032553e+04 1.026147e+04 1.037227e+04 1.043634e+04
3.5 1.031273e+04 1.034767e+04 1.047353e+04 1.043859e+04
4.5 1.031512e+04 1.038348e+04 1.053625e+04 1.046789e+04
5.5 1.033593e+04 1.033063e+04 1.051687e+04 1.052217e+04
6.5 1.030844e+04 1.021938e+04 1.042142e+04 1.051047e+04
7.5 1.011633e+04 1.013202e+04 1.032658e+04 1.031090e+04
8.5 1.008790e+04 1.009572e+04 1.026637e+04 1.025855e+04
9.5 1.011221e+04 1.014837e+04 1.028667e+04 1.025051e+04
10.5 1.027977e+04 1.025951e+04 1.038246e+04 1.040273e+04
11.5 1.031962e+04 1.034682e+04 1.047730e+04 1.045011e+04
12.5 1.039225e+04 1.038302e+04 1.053755e+04 1.054678e+04
13.5 1.030760e+04 1.033029e+04 1.051731e+04 1.049462e+04
0.5 1.008790e+04 1.009572e+04 1.026637e+04 1.025855e+04
1.5 1.011221e+04 1.014837e+04 1.028667e+04 1.025051e+04
2.5 1.027977e+04 1.025951e+04 1.038246e+04 1.040273e+04
3.5 1.031962e+04 1.034682e+04 1.047730e+04 1.045011e+04
4.5 1.039225e+04 1.038302e+04 1.053755e+04 1.054678e+04
5.5 1.030760e+04 1.033029e+04 1.051731e+04 1.049462e+04
6.5 1.014503e+04 1.021910e+04 1.042162e+04 1.034755e+04
7.5 1.010600e+04 1.013204e+04 1.032690e+04 1.030086e+04
8.5 1.019325e+04 1.010533e+04 1.026507e+04 1.035298e+04
9.5 1.025571e+04 1.019584e+04 1.023251e+04 1.029238e+04
10.5 1.037207e+04 1.035591e+04 1.021753e+04 1.023369e+04
11.5 1.046169e+04 1.047241e+04 1.021116e+04 1.020043e+04
12.5 1.048576e+04 1.051141e+04 1.020874e+04 1.018309e+04
13.5 1.048613e+04 1.042496e+04 1.020794e+04 1.026911e+04
0.5 1.004143e+04 1.010463e+04 1.021316e+04 1.014996e+04
1.5 1.020974e+04 1.015078e+04 1.026638e+04 1.032533e+04
2.5 1.032297e+04 1.025904e+04 1.037751e+04 1.044144e+04
3.5 1.034945e+04 1.034509e+04 1.047908e+04 1.048344e+04
4.5 1.038556e+04 1.038074e+04 1.054211e+04 1.054692e+04
5.5 1.045251e+04 1.032774e+04 1.052304e+04 1.064782e+04
6.5 1.030401e+04 1.021637e+04 1.042791e+04 1.051556e+04
7.5 1.013716e+04 1.012920e+04 1.033340e+04 1.034136e+04
8.5 1.008194e+04 1.010238e+04 1.027177e+04 1.025133e+04
9.5 1.022340e+04 1.019281e+04 1.023939e+04 1.026998e+04
10.5 1.036382e+04 1.035281e+04 1.022456e+04 1.023557e+04
11.5 1.041560e+04 1.046922e+04 1.021830e+04 1.016468e+04
12.5 1.053931e+04 1.050812e+04 1.021598e+04 1.024717e+04
13.5 1.050706e+04 1.042156e+04 1.021526e+04 1.030076e+04
0.5 1.015821e+04 1.009703e+04 1.021740e+04 1.027858e+04
1.5 1.015110e+04 1.014549e+04 1.027063e+04 1.027624e+04
2.5 1.026560e+04 1.025540e+04 1.038176e+04 1.039196e+04
3.5 1.026066e+04 1.034232e+04 1.048333e+04 1.040167e+04
4.5 1.036249e+04 1.037838e+04 1.054634e+04 1.053044e+04
5.5 1.035493e+04 1.032555e+04 1.052723e+04 1.055661e+04
6.5 1.024573e+04 1.021429e+04 1.043203e+04 1.046346e+04
7.5 1.011484e+04 1.012700e+04 1.033742e+04 1.032526e+04
8.5 1.014572e+04 1.009340e+04 1.027567e+04 1.032799e+04
9.5 1.023466e+04 1.016429e+04 1.024316e+04 1.031353e+04
10.5 1.045676e+04 1.030598e+04 1.022819e+04 1.037897e+04
11.5 1.045911e+04 1.041731e+04 1.022180e+04 1.026360e+04
12.5 1.049292e+04 1.046454e+04 1.021933e+04 1.024772e+04
13.5 1.046631e+04 1.040013e+04 1.021844e+04 1.028462e+04
0.5 1.012467e+04 1.010651e+04 1.020833e+04 1.022649e+04
1.5 1.010369e+04 1.015320e+04 1.026044e+04 1.021093e+04
2.5 1.020284e+04 1.026203e+04 1.037045e+04 1.031126e+04
3.5 1.030846e+04 1.034867e+04 1.047091e+04 1.043070e+04
4.5 1.042474e+04 1.038490e+04 1.053283e+04 1.057267e+04
5.5 1.027031e+04 1.033245e+04 1.051265e+04 1.045050e+04
6.5 1.015734e+04 1.022162e+04 1.041640e+04 1.035212e+04
7.5 1.013759e+04 1.013470e+04 1.032079e+04 1.032368e+04
8.5 1.020990e+04 1.009887e+04 1.025982e+04 1.037084e+04
9.5 1.022548e+04 1.015200e+04 1.027940e+04 1.035288e+04
10.5 1.023080e+04 1.026363e+04 1.037449e+04 1.034166e+04
11.5 1.028061e+04 1.035142e+04 1.046868e+04 1.039786e+04
12.5 1.042150e+04 1.038809e+04 1.052832e+04 1.056173e+04
13.5 1.038556e+04 1.033579e+04 1.050753e+04 1.055730e+04
0.5 1.020990e+04 1.009887e+04 1.025982e+04 1.037084e+04
1.5 1.022548e+04 1.015200e+04 1.027940e+04 1.035288e+04
2.5 1.023080e+04 1.026363e+04 1.037449e+04 1.034166e+04
3.5 1.028061e+04 1.035142e+04 1.046868e+04 1.039786e+04
4.5 1.042150e+04 1.038809e+04 1.052832e+04 1.056173e+04
5.5 1.038556e+04 1.033579e+04 1.050753e+04 1.055730e+04
6.5 1.024446e+04 1.022494e+04 1.041135e+04 1.043087e+04
7.5 1.013685e+04 1.013818e+04 1.031622e+04 1.031489e+04
8.5 1.011438e+04 1.011175e+04 1.025406e+04 1.025669e+04
9.5 1.023535e+04 1.020256e+04 1.022126e+04 1.025406e+04
10.5 1.044405e+04 1.036300e+04 1.020614e+04 1.028719e+04
11.5 1.045063e+04 1.047992e+04 1.019974e+04 1.017046e+04
12.5 1.042167e+04 1.051934e+04 1.019742e+04 1.009974e+04
13.5 1.043130e+04 1.043324e+04 1.019680e+04 1.019486e+04
