0.5 9.895801e+03 9.863424e+03 9.876650e+03 9.909026e+03
1.5 9.880273e+03 9.869345e+03 9.872270e+03 9.883199e+03
2.5 9.890481e+03 9.888726e+03 9.870465e+03 9.872221e+03
3.5 9.861053e+03 9.910234e+03 9.872593e+03 9.823412e+03
4.5 9.907213e+03 9.927389e+03 9.877633e+03 9.857457e+03
5.5 9.882500e+03 9.930493e+03 9.884085e+03 9.836092e+03
6.5 9.903613e+03 9.915768e+03 9.887040e+03 9.874885e+03
7.5 9.890067e+03 9.896605e+03 9.885536e+03 9.878999e+03
8.5 9.873688e+03 9.880157e+03 9.882909e+03 9.876441e+03
9.5 9.878516e+03 9.869144e+03 9.880952e+03 9.890324e+03
10.5 9.880220e+03 9.867283e+03 9.879867e+03 9.892804e+03
11.5 9.911068e+03 9.871752e+03 9.879352e+03 9.918669e+03
12.5 9.904147e+03 9.879202e+03 9.879128e+03 9.904074e+03
13.5 9.874897e+03 9.885788e+03 9.879042e+03 9.868152e+03
0.5 9.873446e+03 9.866941e+03 9.876839e+03 9.883344e+03
1.5 9.828296e+03 9.872838e+03 9.872451e+03 9.827908e+03
2.5 9.920300e+03 9.891870e+03 9.870637e+03 9.899066e+03
3.5 9.932971e+03 9.912973e+03 9.872755e+03 9.892753e+03
4.5 9.962121e+03 9.929725e+03 9.877785e+03 9.910181e+03
5.5 9.948839e+03 9.932455e+03 9.884229e+03 9.900613e+03
6.5 9.948401e+03 9.917376e+03 9.887173e+03 9.918199e+03
7.5 9.862886e+03 9.897874e+03 9.885660e+03 9.850672e+03
8.5 9.879395e+03 9.881114e+03 9.883024e+03 9.881305e+03
9.5 9.855855e+03 9.869802e+03 9.881058e+03 9.867111e+03
10.5 9.845084e+03 9.867658e+03 9.879963e+03 9.857389e+03
11.5 9.845848e+03 9.871861e+03 9.879438e+03 9.853425e+03
12.5 9.902622e+03 9.879065e+03 9.879206e+03 9.902762e+03
13.5 9.860252e+03 9.885425e+03 9.879112e+03 9.853938e+03
0.5 9.899979e+03 9.872959e+03 9.876819e+03 9.903840e+03
1.5 9.908337e+03 9.875085e+03 9.872431e+03 9.905683e+03
2.5 9.926499e+03 9.892298e+03 9.870616e+03 9.904817e+03
3.5 9.972784e+03 9.912605e+03 9.872733e+03 9.932912e+03
4.5 9.934414e+03 9.929047e+03 9.877762e+03 9.883129e+03
5.5 9.987827e+03 9.931673e+03 9.884205e+03 9.940359e+03
6.5 9.976189e+03 9.916570e+03 9.887149e+03 9.946769e+03
7.5 9.987223e+03 9.897118e+03 9.885636e+03 9.975741e+03
8.5 9.934082e+03 9.881215e+03 9.883000e+03 9.935867e+03
9.5 9.909148e+03 9.867246e+03 9.881034e+03 9.922937e+03
10.5 9.864593e+03 9.856148e+03 9.879940e+03 9.888385e+03
11.5 9.864329e+03 9.850444e+03 9.879416e+03 9.893301e+03
12.5 9.878489e+03 9.849817e+03 9.879184e+03 9.907856e+03
13.5 9.863410e+03 9.854956e+03 9.879090e+03 9.887545e+03
0.5 9.845534e+03 9.871794e+03 9.876779e+03 9.850519e+03
1.5 9.907774e+03 9.873953e+03 9.872390e+03 9.906212e+03
2.5 9.917958e+03 9.891199e+03 9.870576e+03 9.897335e+03
3.5 9.869651e+03 9.911536e+03 9.872694e+03 9.830809e+03
4.5 9.924228e+03 9.928006e+03 9.877724e+03 9.873945e+03
5.5 9.962878e+03 9.930656e+03 9.884166e+03 9.916388e+03
6.5 9.937314e+03 9.915578e+03 9.887111e+03 9.908848e+03
7.5 9.860044e+03 9.896130e+03 9.885527e+03 9.849441e+03
8.5 9.766116e+03 9.879997e+03 9.880725e+03 9.766844e+03
9.5 9.800695e+03 9.877463e+03 9.874372e+03 9.797604e+03
10.5 9.882819e+03 9.892577e+03 9.871464e+03 9.861707e+03
11.5 9.872656e+03 9.912015e+03 9.873060e+03 9.833701e+03
12.5 9.894443e+03 9.928147e+03 9.877859e+03 9.844155e+03
13.5 9.920368e+03 9.930687e+03 9.884209e+03 9.873890e+03
0.5 9.766116e+03 9.879997e+03 9.880725e+03 9.766844e+03
1.5 9.800695e+03 9.877463e+03 9.874372e+03 9.797604e+03
2.5 9.882819e+03 9.892577e+03 9.871464e+03 9.861707e+03
3.5 9.872656e+03 9.912015e+03 9.873060e+03 9.833701e+03
4.5 9.894443e+03 9.928147e+03 9.877859e+03 9.844155e+03
5.5 9.920368e+03 9.930687e+03 9.884209e+03 9.873890e+03
6.5 9.867951e+03 9.915587e+03 9.887114e+03 9.839478e+03
7.5 9.909951e+03 9.896190e+03 9.885587e+03 9.899348e+03
8.5 9.831036e+03 9.880342e+03 9.882951e+03 9.833646e+03
9.5 9.804437e+03 9.866429e+03 9.880986e+03 9.818993e+03
10.5 9.892354e+03 9.855390e+03 9.879892e+03 9.916856e+03
11.5 9.875920e+03 9.849744e+03 9.879368e+03 9.905544e+03
12.5 9.833557e+03 9.849176e+03 9.879137e+03 9.863517e+03
13.5 9.896102e+03 9.854373e+03 9.879044e+03 9.920772e+03
0.5 9.889975e+03 9.865484e+03 9.876761e+03 9.901252e+03
1.5 9.898391e+03 9.871485e+03 9.872375e+03 9.899281e+03
2.5 9.923051e+03 9.890623e+03 9.870562e+03 9.902989e+03
3.5 9.899172e+03 9.911833e+03 9.872682e+03 9.860021e+03
4.5 9.936085e+03 9.928694e+03 9.877714e+03 9.885105e+03
5.5 9.917624e+03 9.931531e+03 9.884158e+03 9.870250e+03
6.5 9.903864e+03 9.916564e+03 9.887104e+03 9.874404e+03
7.5 9.904388e+03 9.897176e+03 9.885592e+03 9.892804e+03
8.5 9.947616e+03 9.880530e+03 9.882958e+03 9.950044e+03
9.5 9.839963e+03 9.869334e+03 9.880994e+03 9.851623e+03
10.5 9.853751e+03 9.867305e+03 9.879903e+03 9.866349e+03
11.5 9.879275e+03 9.871622e+03 9.879381e+03 9.887034e+03
12.5 9.906807e+03 9.878941e+03 9.879151e+03 9.907016e+03
13.5 9.907535e+03 9.885416e+03 9.879059e+03 9.901177e+03
0.5 9.953141e+03 9.874194e+03 9.876762e+03 9.955709e+03
1.5 9.914624e+03 9.876510e+03 9.872374e+03 9.910488e+03
2.5 9.858841e+03 9.893919e+03 9.870560e+03 9.835482e+03
3.5 9.904890e+03 9.914426e+03 9.872679e+03 9.863143e+03
4.5 9.924172e+03 9.931068e+03 9.877710e+03 9.870813e+03
5.5 9.946768e+03 9.933897e+03 9.884154e+03 9.897025e+03
6.5 9.915824e+03 9.918999e+03 9.887100e+03 9.883925e+03
7.5 9.919413e+03 9.899755e+03 9.885588e+03 9.905246e+03
8.5 9.913829e+03 9.884064e+03 9.882952e+03 9.912718e+03
9.5 9.874859e+03 9.870309e+03 9.880987e+03 9.885537e+03
10.5 9.836930e+03 9.859430e+03 9.879894e+03 9.857393e+03
11.5 9.877340e+03 9.853947e+03 9.879371e+03 9.902764e+03
12.5 9.869808e+03 9.853542e+03 9.879140e+03 9.895406e+03
13.5 9.865855e+03 9.858901e+03 9.879049e+03 9.886003e+03
0.5 9.888711e+03 9.878745e+03 9.876794e+03 9.886760e+03
1.5 9.920970e+03 9.880933e+03 9.872412e+03 9.912448e+03
2.5 9.917302e+03 9.898178e+03 9.870604e+03 9.889728e+03
