0.5 9.139546e+03 9.191812e+03 9.205615e+03 9.153349e+03
1.5 9.187936e+03 9.205193e+03 9.231806e+03 9.214549e+03
2.5 9.262096e+03 9.254415e+03 9.287265e+03 9.294947e+03
3.5 9.297811e+03 9.298573e+03 9.337929e+03 9.337167e+03
4.5 9.312397e+03 9.321703e+03 9.369163e+03 9.359857e+03
5.5 9.323968e+03 9.302362e+03 9.358987e+03 9.380593e+03
6.5 9.279967e+03 9.249315e+03 9.310446e+03 9.341098e+03
7.5 9.168579e+03 9.202604e+03 9.262251e+03 9.228227e+03
8.5 9.138734e+03 9.178166e+03 9.230689e+03 9.191257e+03
9.5 9.170604e+03 9.194290e+03 9.213935e+03 9.190249e+03
10.5 9.277202e+03 9.240049e+03 9.206082e+03 9.243235e+03
11.5 9.323561e+03 9.278841e+03 9.202603e+03 9.247323e+03
12.5 9.305671e+03 9.297304e+03 9.201148e+03 9.209515e+03
13.5 9.257047e+03 9.277333e+03 9.200537e+03 9.180251e+03
0.5 9.118652e+03 9.168318e+03 9.201056e+03 9.151390e+03
1.5 9.160060e+03 9.188798e+03 9.227793e+03 9.199055e+03
2.5 9.241311e+03 9.241826e+03 9.283785e+03 9.283270e+03
3.5 9.274655e+03 9.287969e+03 9.334977e+03 9.321663e+03
4.5 9.283759e+03 9.312197e+03 9.366732e+03 9.338294e+03
5.5 9.280800e+03 9.293556e+03 9.357063e+03 9.344307e+03
6.5 9.233686e+03 9.241036e+03 9.309008e+03 9.301659e+03
7.5 9.178177e+03 9.194741e+03 9.261279e+03 9.244715e+03
8.5 9.145820e+03 9.170670e+03 9.230160e+03 9.205310e+03
9.5 9.176118e+03 9.187139e+03 9.213827e+03 9.202806e+03
10.5 9.233010e+03 9.233232e+03 9.206372e+03 9.206149e+03
11.5 9.262372e+03 9.272355e+03 9.203270e+03 9.193287e+03
12.5 9.281020e+03 9.291144e+03 9.202170e+03 9.192047e+03
13.5 9.273007e+03 9.271489e+03 9.201893e+03 9.203411e+03
0.5 9.198715e+03 9.174539e+03 9.205221e+03 9.229396e+03
1.5 9.210453e+03 9.188736e+03 9.232222e+03 9.253939e+03
2.5 9.270236e+03 9.238750e+03 9.288451e+03 9.319937e+03
3.5 9.293723e+03 9.283688e+03 9.339856e+03 9.349891e+03
4.5 9.304477e+03 9.307584e+03 9.371799e+03 9.368692e+03
5.5 9.276547e+03 9.288987e+03 9.362294e+03 9.349855e+03
6.5 9.218907e+03 9.236645e+03 9.314382e+03 9.296645e+03
7.5 9.167816e+03 9.190482e+03 9.266772e+03 9.244106e+03
8.5 9.138205e+03 9.163634e+03 9.235752e+03 9.210323e+03
9.5 9.178258e+03 9.179802e+03 9.219497e+03 9.217953e+03
10.5 9.239706e+03 9.235950e+03 9.212100e+03 9.215856e+03
11.5 9.313001e+03 9.289880e+03 9.209038e+03 9.232158e+03
12.5 9.305160e+03 9.323436e+03 9.207960e+03 9.189684e+03
13.5 9.309100e+03 9.311362e+03 9.207687e+03 9.205426e+03
0.5 9.151125e+03 9.160539e+03 9.210486e+03 9.201072e+03
1.5 9.183057e+03 9.181448e+03 9.237244e+03 9.238854e+03
2.5 9.222005e+03 9.234876e+03 9.293222e+03 9.280351e+03
3.5 9.267103e+03 9.281396e+03 9.344366e+03 9.330073e+03
4.5 9.296385e+03 9.305987e+03 9.376038e+03 9.366437e+03
5.5 9.307677e+03 9.287694e+03 9.366259e+03 9.386242e+03
6.5 9.257321e+03 9.235513e+03 9.318073e+03 9.339880e+03
7.5 9.187934e+03 9.189436e+03 9.270188e+03 9.268686e+03
8.5 9.159235e+03 9.162652e+03 9.238888e+03 9.235470e+03
9.5 9.217518e+03 9.178878e+03 9.222342e+03 9.260982e+03
10.5 9.250640e+03 9.235073e+03 9.214638e+03 9.230206e+03
11.5 9.256998e+03 9.289039e+03 9.211254e+03 9.179214e+03
12.5 9.291805e+03 9.322623e+03 9.209843e+03 9.179025e+03
13.5 9.331869e+03 9.310577e+03 9.209231e+03 9.230523e+03
0.5 9.170198e+03 9.160267e+03 9.205682e+03 9.215614e+03
1.5 9.193561e+03 9.181203e+03 9.232112e+03 9.244470e+03
2.5 9.231335e+03 9.234662e+03 9.287768e+03 9.284442e+03
3.5 9.275177e+03 9.281208e+03 9.338598e+03 9.332567e+03
4.5 9.311348e+03 9.305817e+03 9.369967e+03 9.375498e+03
5.5 9.315522e+03 9.287539e+03 9.359889e+03 9.387873e+03
6.5 9.266984e+03 9.235374e+03 9.311407e+03 9.343017e+03
7.5 9.202458e+03 9.189427e+03 9.263231e+03 9.276262e+03
8.5 9.177308e+03 9.165694e+03 9.231651e+03 9.243264e+03
9.5 9.180893e+03 9.182486e+03 9.214843e+03 9.213250e+03
10.5 9.231569e+03 9.228876e+03 9.206902e+03 9.209594e+03
11.5 9.254865e+03 9.268269e+03 9.203304e+03 9.189900e+03
12.5 9.285948e+03 9.287306e+03 9.201702e+03 9.200344e+03
13.5 9.284565e+03 9.267887e+03 9.200923e+03 9.217601e+03
0.5 9.196492e+03 9.173036e+03 9.199156e+03 9.222612e+03
1.5 9.205989e+03 9.187395e+03 9.225752e+03 9.244347e+03
2.5 9.248028e+03 9.237555e+03 9.281595e+03 9.292068e+03
3.5 9.274401e+03 9.282622e+03 9.332633e+03 9.324412e+03
4.5 9.288658e+03 9.306634e+03 9.364230e+03 9.346253e+03
5.5 9.295099e+03 9.288148e+03 9.354400e+03 9.361351e+03
6.5 9.241385e+03 9.235922e+03 9.306185e+03 9.311647e+03
7.5 9.203947e+03 9.189968e+03 9.258294e+03 9.272273e+03
8.5 9.188738e+03 9.165644e+03 9.227893e+03 9.250987e+03
9.5 9.200940e+03 9.184072e+03 9.238145e+03 9.255012e+03
10.5 9.246032e+03 9.236343e+03 9.286507e+03 9.296196e+03
11.5 9.291248e+03 9.282401e+03 9.334403e+03 9.343250e+03
12.5 9.301551e+03 9.306856e+03 9.364846e+03 9.359541e+03
13.5 9.310936e+03 9.288567e+03 9.354671e+03 9.377040e+03
0.5 9.188738e+03 9.165644e+03 9.227893e+03 9.250987e+03
1.5 9.200940e+03 9.184072e+03 9.238145e+03 9.255012e+03
2.5 9.246032e+03 9.236343e+03 9.286507e+03 9.296196e+03
3.5 9.291248e+03 9.282401e+03 9.334403e+03 9.343250e+03
4.5 9.301551e+03 9.306856e+03 9.364846e+03 9.359541e+03
5.5 9.310936e+03 9.288567e+03 9.354671e+03 9.377040e+03
6.5 9.262676e+03 9.236445e+03 9.306420e+03 9.332652e+03
7.5 9.190834e+03 9.190464e+03 9.258669e+03 9.259039e+03
8.5 9.178263e+03 9.163790e+03 9.227525e+03 9.241998e+03
9.5 9.156889e+03 9.180137e+03 9.211163e+03 9.187915e+03
10.5 9.172018e+03 9.236460e+03 9.203677e+03 9.139235e+03
11.5 9.253526e+03 9.290559e+03 9.200540e+03 9.163507e+03
12.5 9.338975e+03 9.324276e+03 9.199401e+03 9.214100e+03
13.5 9.340663e+03 9.312361e+03 9.199082e+03 9.227384e+03
0.5 9.163655e+03 9.165154e+03 9.201781e+03 9.200282e+03
1.5 9.205409e+03 9.186230e+03 9.228416e+03 9.247595e+03
2.5 9.288280e+03 9.239858e+03 9.284242e+03 9.332665e+03
3.5 9.289908e+03 9.286608e+03 9.335207e+03 9.338507e+03
4.5 9.279364e+03 9.311444e+03 9.366671e+03 9.334591e+03
5.5 9.274871e+03 9.293379e+03 9.356646e+03 9.338137e+03
6.5 9.248888e+03 9.241383e+03 9.308172e+03 9.315677e+03
7.5 9.197633e+03 9.195453e+03 9.259958e+03 9.262138e+03
8.5 9.150129e+03 9.168795e+03 9.228290e+03 9.209624e+03
9.5 9.168965e+03 9.185167e+03 9.211343e+03 9.195141e+03
10.5 9.261717e+03 9.241561e+03 9.203209e+03 9.223365e+03
