0.5 9.312225e+03 9.368166e+03 9.420603e+03 9.364663e+03
1.5 9.363991e+03 9.385719e+03 9.427555e+03 9.405828e+03
2.5 9.444993e+03 9.441371e+03 9.430626e+03 9.434247e+03
3.5 9.483663e+03 9.490271e+03 9.427557e+03 9.420949e+03
4.5 9.500815e+03 9.515242e+03 9.419878e+03 9.405451e+03
5.5 9.514081e+03 9.492977e+03 9.409822e+03 9.430927e+03
6.5 9.461159e+03 9.433965e+03 9.405042e+03 9.432236e+03
7.5 9.345880e+03 9.382579e+03 9.407196e+03 9.370497e+03
8.5 9.310998e+03 9.355396e+03 9.411169e+03 9.366770e+03
9.5 9.347226e+03 9.371361e+03 9.414162e+03 9.390027e+03
10.5 9.455793e+03 9.419468e+03 9.415838e+03 9.452163e+03
11.5 9.503416e+03 9.460984e+03 9.416646e+03 9.459078e+03
12.5 9.485816e+03 9.481492e+03 9.417008e+03 9.421331e+03
13.5 9.438620e+03 9.461478e+03 9.417158e+03 9.394299e+03
0.5 9.291453e+03 9.346034e+03 9.420746e+03 9.366165e+03
1.5 9.341782e+03 9.369469e+03 9.427692e+03 9.400005e+03
2.5 9.428700e+03 9.428353e+03 9.430760e+03 9.431107e+03
3.5 9.467598e+03 9.479022e+03 9.427691e+03 9.416266e+03
4.5 9.478844e+03 9.505048e+03 9.420008e+03 9.393804e+03
5.5 9.474475e+03 9.483513e+03 9.409948e+03 9.400910e+03
6.5 9.419706e+03 9.425084e+03 9.405162e+03 9.399785e+03
7.5 9.357430e+03 9.374181e+03 9.407311e+03 9.390559e+03
8.5 9.323775e+03 9.347433e+03 9.411278e+03 9.387620e+03
9.5 9.357879e+03 9.363808e+03 9.414266e+03 9.408337e+03
10.5 9.416666e+03 9.412311e+03 9.415936e+03 9.420292e+03
11.5 9.448614e+03 9.454216e+03 9.416738e+03 9.411137e+03
12.5 9.468450e+03 9.475105e+03 9.417095e+03 9.410440e+03
13.5 9.461789e+03 9.455459e+03 9.417239e+03 9.423569e+03
0.5 9.376736e+03 9.349883e+03 9.420815e+03 9.447668e+03
1.5 9.390805e+03 9.368380e+03 9.427754e+03 9.450179e+03
2.5 9.456920e+03 9.424946e+03 9.430816e+03 9.462790e+03
3.5 9.487012e+03 9.474745e+03 9.427740e+03 9.440007e+03
4.5 9.494981e+03 9.500595e+03 9.420051e+03 9.414437e+03
5.5 9.466245e+03 9.479181e+03 9.409985e+03 9.397049e+03
6.5 9.404871e+03 9.420974e+03 9.405194e+03 9.389091e+03
7.5 9.343912e+03 9.370251e+03 9.407337e+03 9.380998e+03
8.5 9.310174e+03 9.341346e+03 9.411298e+03 9.380127e+03
9.5 9.351300e+03 9.357556e+03 9.414281e+03 9.408025e+03
10.5 9.416910e+03 9.414205e+03 9.415947e+03 9.418652e+03
11.5 9.492291e+03 9.468059e+03 9.416744e+03 9.440976e+03
12.5 9.484832e+03 9.500850e+03 9.417096e+03 9.401079e+03
13.5 9.487027e+03 9.487320e+03 9.417236e+03 9.416943e+03
0.5 9.334863e+03 9.338748e+03 9.420754e+03 9.416869e+03
1.5 9.369791e+03 9.362640e+03 9.427690e+03 9.434842e+03
2.5 9.410981e+03 9.421948e+03 9.430750e+03 9.419782e+03
3.5 9.457629e+03 9.473015e+03 9.427672e+03 9.412285e+03
4.5 9.493306e+03 9.499418e+03 9.419982e+03 9.413870e+03
5.5 9.500558e+03 9.478244e+03 9.409915e+03 9.432229e+03
6.5 9.440481e+03 9.420162e+03 9.405124e+03 9.425443e+03
7.5 9.365917e+03 9.369504e+03 9.407266e+03 9.403679e+03
8.5 9.336255e+03 9.340645e+03 9.411226e+03 9.406836e+03
9.5 9.396515e+03 9.356894e+03 9.414205e+03 9.453827e+03
10.5 9.429313e+03 9.413568e+03 9.415867e+03 9.431612e+03
11.5 9.435096e+03 9.467434e+03 9.416661e+03 9.384322e+03
12.5 9.468403e+03 9.500231e+03 9.417011e+03 9.385184e+03
13.5 9.508796e+03 9.486705e+03 9.417150e+03 9.439241e+03
0.5 9.349657e+03 9.338167e+03 9.420672e+03 9.432162e+03
1.5 9.374774e+03 9.362061e+03 9.427610e+03 9.440323e+03
2.5 9.419666e+03 9.421373e+03 9.430671e+03 9.428964e+03
3.5 9.464647e+03 9.472439e+03 9.427595e+03 9.419803e+03
4.5 9.507355e+03 9.498835e+03 9.419907e+03 9.428427e+03
5.5 9.513152e+03 9.477649e+03 9.409842e+03 9.445345e+03
6.5 9.457011e+03 9.419557e+03 9.405052e+03 9.442506e+03
7.5 9.383624e+03 9.368983e+03 9.407196e+03 9.421837e+03
8.5 9.353188e+03 9.342552e+03 9.411159e+03 9.421796e+03
9.5 9.359236e+03 9.359224e+03 9.414144e+03 9.414156e+03
10.5 9.410312e+03 9.407998e+03 9.415812e+03 9.418127e+03
11.5 9.436567e+03 9.450145e+03 9.416612e+03 9.403035e+03
12.5 9.468644e+03 9.471252e+03 9.416968e+03 9.414360e+03
13.5 9.468534e+03 9.451810e+03 9.417113e+03 9.433837e+03
0.5 9.369877e+03 9.347980e+03 9.420712e+03 9.442609e+03
1.5 9.384026e+03 9.366608e+03 9.427656e+03 9.445074e+03
2.5 9.431116e+03 9.423291e+03 9.430723e+03 9.438548e+03
3.5 9.463988e+03 9.473189e+03 9.427652e+03 9.418451e+03
4.5 9.478342e+03 9.499126e+03 9.419969e+03 9.399185e+03
5.5 9.482986e+03 9.477795e+03 9.409908e+03 9.415099e+03
6.5 9.422452e+03 9.419678e+03 9.405123e+03 9.407896e+03
7.5 9.379513e+03 9.369145e+03 9.407382e+03 9.417750e+03
8.5 9.366846e+03 9.342984e+03 9.414721e+03 9.438583e+03
9.5 9.384223e+03 9.364281e+03 9.424649e+03 9.444590e+03
10.5 9.435576e+03 9.422444e+03 9.429382e+03 9.442514e+03
11.5 9.484593e+03 9.473069e+03 9.427110e+03 9.438633e+03
12.5 9.497692e+03 9.499350e+03 9.419780e+03 9.418122e+03
13.5 9.505348e+03 9.478183e+03 9.409860e+03 9.437026e+03
0.5 9.366846e+03 9.342984e+03 9.414721e+03 9.438583e+03
1.5 9.384223e+03 9.364281e+03 9.424649e+03 9.444590e+03
2.5 9.435576e+03 9.422444e+03 9.429382e+03 9.442514e+03
3.5 9.484593e+03 9.473069e+03 9.427110e+03 9.438633e+03
4.5 9.497692e+03 9.499350e+03 9.419780e+03 9.418122e+03
5.5 9.505348e+03 9.478183e+03 9.409860e+03 9.437026e+03
6.5 9.448987e+03 9.420161e+03 9.405136e+03 9.433961e+03
7.5 9.369579e+03 9.369602e+03 9.407305e+03 9.407283e+03
8.5 9.354463e+03 9.340851e+03 9.411272e+03 9.424883e+03
9.5 9.332503e+03 9.357221e+03 9.414259e+03 9.389540e+03
10.5 9.348697e+03 9.414027e+03 9.415928e+03 9.350599e+03
11.5 9.431969e+03 9.468029e+03 9.416729e+03 9.380669e+03
12.5 9.515911e+03 9.500964e+03 9.417085e+03 9.432032e+03
13.5 9.517389e+03 9.487575e+03 9.417229e+03 9.447042e+03
0.5 9.337020e+03 9.342326e+03 9.420728e+03 9.415422e+03
1.5 9.385225e+03 9.366367e+03 9.427658e+03 9.446516e+03
2.5 9.475672e+03 9.425858e+03 9.430711e+03 9.480525e+03
3.5 9.477273e+03 9.477137e+03 9.427625e+03 9.427761e+03
4.5 9.464663e+03 9.503767e+03 9.419927e+03 9.380823e+03
5.5 9.458243e+03 9.482801e+03 9.409851e+03 9.385294e+03
6.5 9.431269e+03 9.424880e+03 9.405049e+03 9.411438e+03
7.5 9.379643e+03 9.374343e+03 9.407181e+03 9.412480e+03
8.5 9.325875e+03 9.345583e+03 9.411131e+03 9.391424e+03
9.5 9.344820e+03 9.361950e+03 9.414103e+03 9.396974e+03
10.5 9.442224e+03 9.418798e+03 9.415757e+03 9.439183e+03
