0.5 8.931009e+03 8.944561e+03 8.924409e+03 8.910857e+03
1.5 8.923553e+03 8.943056e+03 8.919936e+03 8.900432e+03
2.5 9.013634e+03 8.940039e+03 8.917961e+03 8.991557e+03
3.5 9.008101e+03 8.940110e+03 8.919939e+03 8.987930e+03
4.5 9.004453e+03 8.943699e+03 8.924884e+03 8.985639e+03
5.5 8.975833e+03 8.950854e+03 8.931358e+03 8.956336e+03
6.5 8.978179e+03 8.956607e+03 8.934434e+03 8.956006e+03
7.5 8.930140e+03 8.957805e+03 8.933045e+03 8.905380e+03
8.5 8.939927e+03 8.955716e+03 8.930486e+03 8.914697e+03
9.5 8.934982e+03 8.944152e+03 8.928559e+03 8.919389e+03
10.5 8.951489e+03 8.924754e+03 8.927481e+03 8.954216e+03
11.5 8.937419e+03 8.909028e+03 8.926962e+03 8.955353e+03
12.5 8.948734e+03 8.901062e+03 8.926730e+03 8.974402e+03
13.5 8.920939e+03 8.907146e+03 8.926635e+03 8.940429e+03
0.5 8.983829e+03 8.945382e+03 8.924331e+03 8.962779e+03
1.5 8.981359e+03 8.943962e+03 8.919863e+03 8.957259e+03
2.5 8.983063e+03 8.941020e+03 8.917892e+03 8.959936e+03
3.5 8.982712e+03 8.941154e+03 8.919873e+03 8.961430e+03
4.5 8.958238e+03 8.944797e+03 8.924822e+03 8.938263e+03
5.5 8.950784e+03 8.952000e+03 8.931299e+03 8.930083e+03
6.5 8.955721e+03 8.957794e+03 8.934379e+03 8.932306e+03
7.5 8.984419e+03 8.959032e+03 8.932994e+03 8.958380e+03
8.5 9.001856e+03 8.956829e+03 8.930439e+03 8.975465e+03
9.5 8.958672e+03 8.938694e+03 8.928515e+03 8.948493e+03
10.5 8.894603e+03 8.905250e+03 8.927440e+03 8.916794e+03
11.5 8.869453e+03 8.876551e+03 8.926924e+03 8.919827e+03
12.5 8.854190e+03 8.860414e+03 8.926696e+03 8.920472e+03
13.5 8.867829e+03 8.868732e+03 8.926604e+03 8.925702e+03
0.5 8.944131e+03 8.939769e+03 8.924296e+03 8.928658e+03
1.5 8.945080e+03 8.942530e+03 8.919829e+03 8.922379e+03
2.5 8.969749e+03 8.941500e+03 8.917860e+03 8.946109e+03
3.5 8.943557e+03 8.942430e+03 8.919842e+03 8.920969e+03
4.5 8.918588e+03 8.946354e+03 8.924793e+03 8.897027e+03
5.5 8.948924e+03 8.953628e+03 8.931271e+03 8.926568e+03
6.5 8.965883e+03 8.959413e+03 8.934351e+03 8.940822e+03
7.5 8.969033e+03 8.960557e+03 8.932896e+03 8.941372e+03
8.5 8.960998e+03 8.957506e+03 8.928171e+03 8.931663e+03
9.5 8.916731e+03 8.950605e+03 8.921782e+03 8.887908e+03
10.5 8.894476e+03 8.945002e+03 8.918739e+03 8.868213e+03
11.5 8.927370e+03 8.943932e+03 8.920207e+03 8.903645e+03
12.5 8.968809e+03 8.947054e+03 8.924929e+03 8.946684e+03
13.5 8.976376e+03 8.954022e+03 8.931316e+03 8.953671e+03
0.5 8.960998e+03 8.957506e+03 8.928171e+03 8.931663e+03
1.5 8.916731e+03 8.950605e+03 8.921782e+03 8.887908e+03
2.5 8.894476e+03 8.945002e+03 8.918739e+03 8.868213e+03
3.5 8.927370e+03 8.943932e+03 8.920207e+03 8.903645e+03
4.5 8.968809e+03 8.947054e+03 8.924929e+03 8.946684e+03
5.5 8.976376e+03 8.954022e+03 8.931316e+03 8.953671e+03
6.5 8.983103e+03 8.959689e+03 8.934357e+03 8.957770e+03
7.5 9.000176e+03 8.960861e+03 8.932958e+03 8.972273e+03
8.5 8.989328e+03 8.958751e+03 8.930403e+03 8.960980e+03
9.5 8.987751e+03 8.947165e+03 8.928480e+03 8.969065e+03
10.5 8.927125e+03 8.927745e+03 8.927405e+03 8.926785e+03
11.5 8.916285e+03 8.911993e+03 8.926890e+03 8.931182e+03
12.5 8.928686e+03 8.903995e+03 8.926661e+03 8.951352e+03
13.5 8.943291e+03 8.910040e+03 8.926569e+03 8.959820e+03
0.5 8.922356e+03 8.940828e+03 8.924269e+03 8.905797e+03
1.5 8.909710e+03 8.943555e+03 8.919802e+03 8.885957e+03
2.5 8.892701e+03 8.942493e+03 8.917834e+03 8.868042e+03
3.5 8.888017e+03 8.943392e+03 8.919817e+03 8.864442e+03
4.5 8.864210e+03 8.947285e+03 8.924768e+03 8.841693e+03
5.5 8.898462e+03 8.954525e+03 8.931246e+03 8.875183e+03
6.5 8.929769e+03 8.960275e+03 8.934326e+03 8.903820e+03
7.5 8.934310e+03 8.961425e+03 8.932942e+03 8.905827e+03
8.5 8.973771e+03 8.959286e+03 8.930388e+03 8.944873e+03
9.5 8.990987e+03 8.947658e+03 8.928467e+03 8.971796e+03
10.5 8.951202e+03 8.928189e+03 8.927395e+03 8.950408e+03
11.5 8.911933e+03 8.912387e+03 8.926882e+03 8.926428e+03
12.5 8.894966e+03 8.904340e+03 8.926655e+03 8.917281e+03
13.5 8.921758e+03 8.910336e+03 8.926563e+03 8.937985e+03
0.5 8.977099e+03 8.948269e+03 8.924268e+03 8.953098e+03
1.5 8.965176e+03 8.946745e+03 8.919802e+03 8.938233e+03
2.5 8.982800e+03 8.943702e+03 8.917834e+03 8.956932e+03
3.5 8.970544e+03 8.943741e+03 8.919818e+03 8.946621e+03
4.5 8.986081e+03 8.947291e+03 8.924771e+03 8.963561e+03
5.5 8.979462e+03 8.954398e+03 8.931251e+03 8.956315e+03
6.5 8.979485e+03 8.960093e+03 8.934333e+03 8.953725e+03
7.5 8.954581e+03 8.961228e+03 8.932951e+03 8.926304e+03
8.5 8.944474e+03 8.958919e+03 8.930399e+03 8.915955e+03
9.5 8.961864e+03 8.940676e+03 8.928478e+03 8.949667e+03
10.5 8.937512e+03 8.907127e+03 8.927407e+03 8.957791e+03
11.5 8.892544e+03 8.878326e+03 8.926894e+03 8.941112e+03
12.5 8.881697e+03 8.862090e+03 8.926668e+03 8.946276e+03
13.5 8.875885e+03 8.870305e+03 8.926579e+03 8.932159e+03
0.5 8.902388e+03 8.937234e+03 8.924358e+03 8.889513e+03
1.5 8.850807e+03 8.939745e+03 8.919893e+03 8.830954e+03
2.5 8.853903e+03 8.938462e+03 8.917924e+03 8.833365e+03
3.5 8.896385e+03 8.939138e+03 8.919907e+03 8.877154e+03
4.5 8.923834e+03 8.942808e+03 8.924858e+03 8.905884e+03
5.5 8.924115e+03 8.949827e+03 8.931336e+03 8.905624e+03
6.5 8.873668e+03 8.955360e+03 8.934415e+03 8.852723e+03
7.5 8.930315e+03 8.956255e+03 8.932958e+03 8.907019e+03
8.5 8.997025e+03 8.952953e+03 8.928231e+03 8.972304e+03
9.5 8.978778e+03 8.945803e+03 8.921839e+03 8.954814e+03
10.5 8.908295e+03 8.939952e+03 8.918793e+03 8.887137e+03
11.5 8.936031e+03 8.938636e+03 8.920257e+03 8.917652e+03
12.5 9.000637e+03 8.941517e+03 8.924976e+03 8.984095e+03
13.5 8.983186e+03 8.948258e+03 8.931358e+03 8.966286e+03
0.5 8.997025e+03 8.952953e+03 8.928231e+03 8.972304e+03
1.5 8.978778e+03 8.945803e+03 8.921839e+03 8.954814e+03
2.5 8.908295e+03 8.939952e+03 8.918793e+03 8.887137e+03
3.5 8.936031e+03 8.938636e+03 8.920257e+03 8.917652e+03
4.5 9.000637e+03 8.941517e+03 8.924976e+03 8.984095e+03
5.5 8.983186e+03 8.948258e+03 8.931358e+03 8.966286e+03
6.5 8.955954e+03 8.953721e+03 8.934392e+03 8.936625e+03
7.5 8.910056e+03 8.954708e+03 8.932987e+03 8.888335e+03
8.5 8.907554e+03 8.952432e+03 8.930425e+03 8.885548e+03
9.5 8.920964e+03 8.940685e+03 8.928494e+03 8.908772e+03
10.5 8.910015e+03 8.921101e+03 8.927411e+03 8.916325e+03
11.5 8.893823e+03 8.905187e+03 8.926886e+03 8.915521e+03
12.5 8.878168e+03 8.897039e+03 8.926649e+03 8.907777e+03
13.5 8.888000e+03 8.902954e+03 8.926551e+03 8.911597e+03
