0.5 9.828915e+03 9.874200e+03 9.877483e+03 9.832198e+03
1.5 9.789176e+03 9.865102e+03 9.874417e+03 9.798491e+03
2.5 9.836477e+03 9.856304e+03 9.873064e+03 9.853236e+03
3.5 9.835495e+03 9.851650e+03 9.874419e+03 9.858264e+03
4.5 9.836433e+03 9.851496e+03 9.877809e+03 9.862745e+03
5.5 9.821229e+03 9.856866e+03 9.882247e+03 9.846609e+03
6.5 9.852105e+03 9.863937e+03 9.884355e+03 9.872524e+03
7.5 9.850213e+03 9.867866e+03 9.883403e+03 9.865750e+03
8.5 9.818667e+03 9.866953e+03 9.881650e+03 9.833364e+03
9.5 9.845759e+03 9.864208e+03 9.880328e+03 9.861879e+03
10.5 9.897507e+03 9.866110e+03 9.879589e+03 9.910986e+03
11.5 9.831651e+03 9.872097e+03 9.879234e+03 9.838788e+03
12.5 9.844570e+03 9.880031e+03 9.879075e+03 9.843614e+03
13.5 9.873474e+03 9.886680e+03 9.879009e+03 9.865803e+03
0.5 9.808633e+03 9.874638e+03 9.877430e+03 9.811424e+03
1.5 9.779951e+03 9.865371e+03 9.874367e+03 9.788947e+03
2.5 9.783967e+03 9.856414e+03 9.873016e+03 9.800570e+03
3.5 9.778319e+03 9.851614e+03 9.874374e+03 9.801080e+03
4.5 9.854805e+03 9.851326e+03 9.877767e+03 9.881245e+03
5.5 9.843806e+03 9.856573e+03 9.882207e+03 9.869439e+03
6.5 9.880374e+03 9.863533e+03 9.884318e+03 9.901158e+03
7.5 9.822602e+03 9.867370e+03 9.883368e+03 9.838599e+03
8.5 9.873446e+03 9.866941e+03 9.881617e+03 9.888122e+03
9.5 9.828296e+03 9.872838e+03 9.880298e+03 9.835756e+03
10.5 9.920300e+03 9.891870e+03 9.879561e+03 9.907991e+03
11.5 9.932971e+03 9.912973e+03 9.879208e+03 9.899206e+03
12.5 9.962121e+03 9.929725e+03 9.879051e+03 9.911447e+03
13.5 9.948839e+03 9.932455e+03 9.878988e+03 9.895372e+03
0.5 9.934082e+03 9.881215e+03 9.877406e+03 9.930273e+03
1.5 9.909148e+03 9.867246e+03 9.874344e+03 9.916246e+03
2.5 9.864593e+03 9.856148e+03 9.872994e+03 9.881439e+03
3.5 9.864329e+03 9.850444e+03 9.874353e+03 9.888238e+03
4.5 9.878489e+03 9.849817e+03 9.877746e+03 9.906418e+03
5.5 9.863410e+03 9.854956e+03 9.882187e+03 9.890642e+03
6.5 9.884696e+03 9.861897e+03 9.884299e+03 9.907099e+03
7.5 9.881882e+03 9.865791e+03 9.883301e+03 9.899393e+03
8.5 9.905024e+03 9.865653e+03 9.880063e+03 9.919433e+03
9.5 9.865021e+03 9.860182e+03 9.875682e+03 9.880521e+03
10.5 9.922507e+03 9.853073e+03 9.873597e+03 9.943030e+03
11.5 9.903745e+03 9.849107e+03 9.874603e+03 9.929240e+03
12.5 9.876144e+03 9.849176e+03 9.877840e+03 9.904808e+03
13.5 9.875428e+03 9.854580e+03 9.882218e+03 9.903066e+03
0.5 9.905024e+03 9.865653e+03 9.880063e+03 9.919433e+03
1.5 9.865021e+03 9.860182e+03 9.875682e+03 9.880521e+03
2.5 9.922507e+03 9.853073e+03 9.873597e+03 9.943030e+03
3.5 9.903745e+03 9.849107e+03 9.874603e+03 9.929240e+03
4.5 9.876144e+03 9.849176e+03 9.877840e+03 9.904808e+03
5.5 9.875428e+03 9.854580e+03 9.882218e+03 9.903066e+03
6.5 9.831955e+03 9.861622e+03 9.884303e+03 9.854636e+03
7.5 9.840004e+03 9.865491e+03 9.883344e+03 9.857857e+03
8.5 9.785765e+03 9.864521e+03 9.881592e+03 9.802836e+03
9.5 9.858033e+03 9.861728e+03 9.880274e+03 9.876579e+03
10.5 9.876879e+03 9.863590e+03 9.879537e+03 9.892826e+03
11.5 9.864432e+03 9.869545e+03 9.879184e+03 9.874071e+03
12.5 9.881775e+03 9.877458e+03 9.879027e+03 9.883345e+03
13.5 9.863433e+03 9.884095e+03 9.878964e+03 9.858302e+03
0.5 9.831036e+03 9.880342e+03 9.877387e+03 9.828082e+03
1.5 9.804437e+03 9.866429e+03 9.874326e+03 9.812333e+03
2.5 9.892354e+03 9.855390e+03 9.872976e+03 9.909940e+03
3.5 9.875920e+03 9.849744e+03 9.874336e+03 9.900511e+03
4.5 9.833557e+03 9.849176e+03 9.877729e+03 9.862110e+03
5.5 9.896102e+03 9.854373e+03 9.882170e+03 9.923899e+03
6.5 9.894041e+03 9.861371e+03 9.884281e+03 9.916952e+03
7.5 9.871182e+03 9.865285e+03 9.883333e+03 9.889229e+03
8.5 9.890795e+03 9.864364e+03 9.881582e+03 9.908013e+03
9.5 9.816284e+03 9.861631e+03 9.880265e+03 9.834918e+03
10.5 9.841294e+03 9.863559e+03 9.879531e+03 9.857265e+03
11.5 9.847677e+03 9.869583e+03 9.879179e+03 9.857273e+03
12.5 9.890827e+03 9.877564e+03 9.879023e+03 9.892286e+03
13.5 9.860604e+03 9.884269e+03 9.878960e+03 9.855295e+03
0.5 9.841683e+03 9.872448e+03 9.877387e+03 9.846621e+03
1.5 9.859627e+03 9.863267e+03 9.874325e+03 9.870686e+03
2.5 9.859753e+03 9.854397e+03 9.872977e+03 9.878333e+03
3.5 9.896072e+03 9.849685e+03 9.874337e+03 9.920723e+03
4.5 9.855106e+03 9.849487e+03 9.877731e+03 9.883351e+03
5.5 9.823303e+03 9.854825e+03 9.882174e+03 9.850651e+03
6.5 9.850852e+03 9.861879e+03 9.884287e+03 9.873260e+03
7.5 9.842830e+03 9.865812e+03 9.883339e+03 9.860357e+03
8.5 9.889975e+03 9.865484e+03 9.881590e+03 9.906081e+03
9.5 9.898391e+03 9.871485e+03 9.880273e+03 9.907179e+03
10.5 9.923051e+03 9.890623e+03 9.879538e+03 9.911966e+03
11.5 9.899172e+03 9.911833e+03 9.879187e+03 9.866525e+03
12.5 9.936085e+03 9.928694e+03 9.879032e+03 9.886423e+03
13.5 9.917624e+03 9.931531e+03 9.878971e+03 9.865063e+03
0.5 9.913829e+03 9.884064e+03 9.877449e+03 9.907214e+03
1.5 9.874859e+03 9.870309e+03 9.874387e+03 9.878938e+03
2.5 9.836930e+03 9.859430e+03 9.873038e+03 9.850538e+03
3.5 9.877340e+03 9.853947e+03 9.874398e+03 9.897790e+03
4.5 9.869808e+03 9.853542e+03 9.877791e+03 9.894057e+03
5.5 9.865855e+03 9.858901e+03 9.882232e+03 9.889186e+03
6.5 9.785696e+03 9.866060e+03 9.884343e+03 9.803979e+03
7.5 9.850046e+03 9.870167e+03 9.883344e+03 9.863223e+03
8.5 9.855897e+03 9.870239e+03 9.880104e+03 9.865762e+03
9.5 9.869084e+03 9.864975e+03 9.875722e+03 9.879831e+03
10.5 9.786335e+03 9.858073e+03 9.873634e+03 9.801896e+03
11.5 9.833625e+03 9.854312e+03 9.874637e+03 9.853950e+03
12.5 9.877819e+03 9.854584e+03 9.877872e+03 9.901108e+03
13.5 9.831137e+03 9.860182e+03 9.882247e+03 9.853201e+03
0.5 9.855897e+03 9.870239e+03 9.880104e+03 9.865762e+03
1.5 9.869084e+03 9.864975e+03 9.875722e+03 9.879831e+03
2.5 9.786335e+03 9.858073e+03 9.873634e+03 9.801896e+03
3.5 9.833625e+03 9.854312e+03 9.874637e+03 9.853950e+03
4.5 9.877819e+03 9.854584e+03 9.877872e+03 9.901108e+03
5.5 9.831137e+03 9.860182e+03 9.882247e+03 9.853201e+03
6.5 9.853896e+03 9.867404e+03 9.884327e+03 9.870820e+03
7.5 9.887735e+03 9.871435e+03 9.883364e+03 9.899664e+03
8.5 9.887020e+03 9.870610e+03 9.881608e+03 9.898017e+03
9.5 9.898565e+03 9.867951e+03 9.880284e+03 9.910898e+03
10.5 9.880258e+03 9.869943e+03 9.879541e+03 9.889856e+03
11.5 9.882348e+03 9.876024e+03 9.879181e+03 9.885505e+03
12.5 9.905570e+03 9.884057e+03 9.879019e+03 9.900532e+03
13.5 9.878697e+03 9.890805e+03 9.878952e+03 9.866844e+03
