0.5 8.992676e+03 8.968914e+03 9.164231e+03 9.187992e+03
1.5 9.050022e+03 9.045415e+03 9.164028e+03 9.168635e+03
2.5 9.171826e+03 9.210647e+03 9.163945e+03 9.125124e+03
3.5 9.307143e+03 9.361538e+03 9.164043e+03 9.109647e+03
4.5 9.351015e+03 9.453760e+03 9.164276e+03 9.061531e+03
5.5 9.386372e+03 9.420740e+03 9.164575e+03 9.130207e+03
6.5 9.373240e+03 9.271518e+03 9.164712e+03 9.266434e+03
7.5 9.078415e+03 9.123399e+03 9.164642e+03 9.119658e+03
8.5 8.956163e+03 9.032500e+03 9.164520e+03 9.088184e+03
9.5 9.004577e+03 9.064636e+03 9.164430e+03 9.104371e+03
10.5 9.249008e+03 9.201496e+03 9.164380e+03 9.211891e+03
11.5 9.293530e+03 9.329727e+03 9.164356e+03 9.128159e+03
12.5 9.375558e+03 9.402728e+03 9.164345e+03 9.137175e+03
13.5 9.427827e+03 9.357559e+03 9.164341e+03 9.234610e+03
0.5 8.907679e+03 8.961607e+03 9.164239e+03 9.110312e+03
1.5 8.968163e+03 9.000700e+03 9.164036e+03 9.131499e+03
2.5 9.133861e+03 9.150843e+03 9.163952e+03 9.146970e+03
3.5 9.336211e+03 9.297322e+03 9.164051e+03 9.202940e+03
4.5 9.420889e+03 9.389932e+03 9.164283e+03 9.195240e+03
5.5 9.327664e+03 9.359149e+03 9.164581e+03 9.133096e+03
6.5 9.198747e+03 9.212741e+03 9.164718e+03 9.150724e+03
7.5 9.031566e+03 9.067644e+03 9.164648e+03 9.128570e+03
8.5 8.930156e+03 8.979535e+03 9.164526e+03 9.115147e+03
9.5 9.038974e+03 9.014302e+03 9.164435e+03 9.189106e+03
10.5 9.209796e+03 9.153701e+03 9.164384e+03 9.220479e+03
11.5 9.362865e+03 9.284424e+03 9.164360e+03 9.242801e+03
12.5 9.350838e+03 9.359865e+03 9.164349e+03 9.155322e+03
13.5 9.355608e+03 9.317057e+03 9.164345e+03 9.202896e+03
0.5 8.904562e+03 8.959169e+03 9.164239e+03 9.109632e+03
1.5 8.958543e+03 8.996892e+03 9.164036e+03 9.125687e+03
2.5 9.139221e+03 9.146598e+03 9.163952e+03 9.156574e+03
3.5 9.326222e+03 9.293072e+03 9.164050e+03 9.197200e+03
4.5 9.335818e+03 9.385864e+03 9.164282e+03 9.114236e+03
5.5 9.398172e+03 9.355327e+03 9.164580e+03 9.207425e+03
6.5 9.284370e+03 9.209178e+03 9.164717e+03 9.239909e+03
7.5 9.037222e+03 9.064326e+03 9.164647e+03 9.137542e+03
8.5 8.901691e+03 8.976047e+03 9.164525e+03 9.090169e+03
9.5 8.995820e+03 9.007181e+03 9.164434e+03 9.153073e+03
10.5 9.143941e+03 9.139742e+03 9.164383e+03 9.168582e+03
11.5 9.279208e+03 9.264745e+03 9.164359e+03 9.178822e+03
12.5 9.375177e+03 9.337214e+03 9.164348e+03 9.202311e+03
13.5 9.328521e+03 9.296646e+03 9.164344e+03 9.196218e+03
0.5 8.927752e+03 8.956851e+03 9.164237e+03 9.135138e+03
1.5 9.081738e+03 8.994754e+03 9.164034e+03 9.251018e+03
2.5 9.173666e+03 9.144606e+03 9.163950e+03 9.193010e+03
3.5 9.236755e+03 9.291195e+03 9.164048e+03 9.109608e+03
4.5 9.299026e+03 9.384082e+03 9.164280e+03 9.079225e+03
5.5 9.412836e+03 9.353639e+03 9.164579e+03 9.223776e+03
6.5 9.279134e+03 9.207598e+03 9.164715e+03 9.236251e+03
7.5 9.070899e+03 9.062727e+03 9.164642e+03 9.172814e+03
8.5 8.881121e+03 8.970544e+03 9.164419e+03 9.074996e+03
9.5 9.003313e+03 9.001252e+03 9.164125e+03 9.166186e+03
10.5 9.196779e+03 9.147394e+03 9.163991e+03 9.213376e+03
11.5 9.297769e+03 9.292282e+03 9.164065e+03 9.169551e+03
12.5 9.327493e+03 9.384455e+03 9.164287e+03 9.107325e+03
13.5 9.333551e+03 9.353741e+03 9.164581e+03 9.144390e+03
0.5 8.881121e+03 8.970544e+03 9.164419e+03 9.074996e+03
1.5 9.003313e+03 9.001252e+03 9.164125e+03 9.166186e+03
2.5 9.196779e+03 9.147394e+03 9.163991e+03 9.213376e+03
3.5 9.297769e+03 9.292282e+03 9.164065e+03 9.169551e+03
4.5 9.327493e+03 9.384455e+03 9.164287e+03 9.107325e+03
5.5 9.333551e+03 9.353741e+03 9.164581e+03 9.144390e+03
6.5 9.199061e+03 9.207599e+03 9.164715e+03 9.156177e+03
7.5 9.010217e+03 9.062855e+03 9.164644e+03 9.112006e+03
8.5 8.879426e+03 8.974716e+03 9.164522e+03 9.069232e+03
9.5 9.008232e+03 9.005974e+03 9.164431e+03 9.166690e+03
10.5 9.156505e+03 9.138628e+03 9.164381e+03 9.182258e+03
11.5 9.203255e+03 9.263698e+03 9.164357e+03 9.103913e+03
12.5 9.341219e+03 9.336222e+03 9.164346e+03 9.169343e+03
13.5 9.383676e+03 9.295714e+03 9.164342e+03 9.252303e+03
0.5 8.989869e+03 8.954255e+03 9.164236e+03 9.199850e+03
1.5 9.109865e+03 8.993975e+03 9.164033e+03 9.279923e+03
2.5 9.237630e+03 9.144689e+03 9.163949e+03 9.256890e+03
3.5 9.323108e+03 9.291673e+03 9.164047e+03 9.195483e+03
4.5 9.419509e+03 9.384735e+03 9.164280e+03 9.199054e+03
5.5 9.385980e+03 9.354373e+03 9.164578e+03 9.196185e+03
6.5 9.334995e+03 9.208389e+03 9.164715e+03 9.291321e+03
7.5 9.149402e+03 9.063730e+03 9.164645e+03 9.250317e+03
8.5 8.973356e+03 8.976068e+03 9.164523e+03 9.161811e+03
9.5 9.034451e+03 9.011267e+03 9.164432e+03 9.187616e+03
10.5 9.183094e+03 9.151056e+03 9.164381e+03 9.196419e+03
11.5 9.263439e+03 9.282117e+03 9.164357e+03 9.145679e+03
12.5 9.322605e+03 9.357852e+03 9.164347e+03 9.129100e+03
13.5 9.390869e+03 9.315319e+03 9.164342e+03 9.239892e+03
0.5 8.932193e+03 8.959507e+03 9.164236e+03 9.136922e+03
1.5 8.985791e+03 8.997632e+03 9.164033e+03 9.152192e+03
2.5 9.028733e+03 9.147726e+03 9.163949e+03 9.044957e+03
3.5 9.217850e+03 9.294559e+03 9.164047e+03 9.087337e+03
4.5 9.377669e+03 9.387689e+03 9.164280e+03 9.154260e+03
5.5 9.373856e+03 9.357479e+03 9.164578e+03 9.180955e+03
6.5 9.166326e+03 9.211665e+03 9.164714e+03 9.119375e+03
7.5 9.029392e+03 9.067172e+03 9.164644e+03 9.126864e+03
8.5 8.947762e+03 8.979272e+03 9.164522e+03 9.133012e+03
9.5 8.959615e+03 9.010800e+03 9.164431e+03 9.113247e+03
10.5 9.075241e+03 9.143757e+03 9.164381e+03 9.095865e+03
11.5 9.266713e+03 9.269148e+03 9.164357e+03 9.161921e+03
12.5 9.355229e+03 9.341999e+03 9.164346e+03 9.177576e+03
13.5 9.306375e+03 9.301807e+03 9.164342e+03 9.168910e+03
0.5 9.025988e+03 8.970731e+03 9.164237e+03 9.219495e+03
1.5 8.974497e+03 9.009040e+03 9.164035e+03 9.129491e+03
2.5 9.214389e+03 9.159472e+03 9.163951e+03 9.218868e+03
