0.5 1.075887e+04 1.081561e+04 1.076115e+04 1.070441e+04
1.5 1.077118e+04 1.078647e+04 1.073868e+04 1.072339e+04
2.5 1.079874e+04 1.075591e+04 1.072875e+04 1.077158e+04
3.5 1.081226e+04 1.074644e+04 1.073869e+04 1.080451e+04
4.5 1.082063e+04 1.075925e+04 1.076354e+04 1.082493e+04
5.5 1.074429e+04 1.079575e+04 1.079608e+04 1.074462e+04
6.5 1.080250e+04 1.082997e+04 1.081153e+04 1.078407e+04
7.5 1.074973e+04 1.084127e+04 1.080456e+04 1.071302e+04
8.5 1.065213e+04 1.082954e+04 1.079170e+04 1.061429e+04
9.5 1.065979e+04 1.078437e+04 1.078201e+04 1.065743e+04
10.5 1.073334e+04 1.072973e+04 1.077659e+04 1.078020e+04
11.5 1.067427e+04 1.069900e+04 1.077399e+04 1.074925e+04
12.5 1.067530e+04 1.069819e+04 1.077282e+04 1.074993e+04
13.5 1.063152e+04 1.073687e+04 1.077234e+04 1.066700e+04
0.5 1.078511e+04 1.081885e+04 1.076076e+04 1.072703e+04
1.5 1.073443e+04 1.078957e+04 1.073831e+04 1.068317e+04
2.5 1.079477e+04 1.075887e+04 1.072841e+04 1.076430e+04
3.5 1.075887e+04 1.074927e+04 1.073836e+04 1.074796e+04
4.5 1.075799e+04 1.076193e+04 1.076323e+04 1.075929e+04
5.5 1.085368e+04 1.079829e+04 1.079578e+04 1.085117e+04
6.5 1.088294e+04 1.083239e+04 1.081126e+04 1.086181e+04
7.5 1.083979e+04 1.084367e+04 1.080430e+04 1.080043e+04
8.5 1.078224e+04 1.083468e+04 1.079146e+04 1.073901e+04
9.5 1.083009e+04 1.079429e+04 1.078179e+04 1.081759e+04
10.5 1.074020e+04 1.073991e+04 1.077639e+04 1.077668e+04
11.5 1.074278e+04 1.070436e+04 1.077380e+04 1.081221e+04
12.5 1.071449e+04 1.069555e+04 1.077265e+04 1.079158e+04
13.5 1.068607e+04 1.072587e+04 1.077219e+04 1.073239e+04
0.5 1.084340e+04 1.081406e+04 1.076059e+04 1.078993e+04
1.5 1.084884e+04 1.078789e+04 1.073814e+04 1.079909e+04
2.5 1.080331e+04 1.075882e+04 1.072824e+04 1.077273e+04
3.5 1.081271e+04 1.074992e+04 1.073820e+04 1.080100e+04
4.5 1.072596e+04 1.076283e+04 1.076308e+04 1.072622e+04
5.5 1.077407e+04 1.079923e+04 1.079564e+04 1.077048e+04
6.5 1.089218e+04 1.083330e+04 1.081112e+04 1.087000e+04
7.5 1.091926e+04 1.084442e+04 1.080381e+04 1.087865e+04
8.5 1.085393e+04 1.083243e+04 1.078006e+04 1.080157e+04
9.5 1.074895e+04 1.079641e+04 1.074795e+04 1.070049e+04
10.5 1.072649e+04 1.076251e+04 1.073266e+04 1.069665e+04
11.5 1.072366e+04 1.075145e+04 1.074004e+04 1.071224e+04
12.5 1.077380e+04 1.076349e+04 1.076377e+04 1.077408e+04
13.5 1.078070e+04 1.079956e+04 1.079587e+04 1.077701e+04
0.5 1.085393e+04 1.083243e+04 1.078006e+04 1.080157e+04
1.5 1.074895e+04 1.079641e+04 1.074795e+04 1.070049e+04
2.5 1.072649e+04 1.076251e+04 1.073266e+04 1.069665e+04
3.5 1.072366e+04 1.075145e+04 1.074004e+04 1.071224e+04
4.5 1.077380e+04 1.076349e+04 1.076377e+04 1.077408e+04
5.5 1.078070e+04 1.079956e+04 1.079587e+04 1.077701e+04
6.5 1.078130e+04 1.083349e+04 1.081115e+04 1.075896e+04
7.5 1.080755e+04 1.084460e+04 1.080412e+04 1.076707e+04
8.5 1.076697e+04 1.083268e+04 1.079128e+04 1.072557e+04
9.5 1.081758e+04 1.078735e+04 1.078161e+04 1.081184e+04
10.5 1.074238e+04 1.073256e+04 1.077621e+04 1.078603e+04
11.5 1.072570e+04 1.070170e+04 1.077362e+04 1.079762e+04
12.5 1.074166e+04 1.070075e+04 1.077247e+04 1.081338e+04
13.5 1.072711e+04 1.073930e+04 1.077201e+04 1.075982e+04
0.5 1.079877e+04 1.081520e+04 1.076045e+04 1.074402e+04
1.5 1.085946e+04 1.078907e+04 1.073800e+04 1.080839e+04
2.5 1.075725e+04 1.076004e+04 1.072811e+04 1.072532e+04
3.5 1.068587e+04 1.075119e+04 1.073808e+04 1.067276e+04
4.5 1.071069e+04 1.076415e+04 1.076296e+04 1.070950e+04
5.5 1.074003e+04 1.080059e+04 1.079552e+04 1.073496e+04
6.5 1.092584e+04 1.083469e+04 1.081099e+04 1.090215e+04
7.5 1.093061e+04 1.084584e+04 1.080404e+04 1.088880e+04
8.5 1.083929e+04 1.083395e+04 1.079121e+04 1.079654e+04
9.5 1.083056e+04 1.078864e+04 1.078155e+04 1.082347e+04
10.5 1.074710e+04 1.073386e+04 1.077616e+04 1.078940e+04
11.5 1.064347e+04 1.070301e+04 1.077358e+04 1.071404e+04
12.5 1.069347e+04 1.070208e+04 1.077244e+04 1.076383e+04
13.5 1.073288e+04 1.074064e+04 1.077198e+04 1.076422e+04
0.5 1.080122e+04 1.082227e+04 1.076045e+04 1.073940e+04
1.5 1.072695e+04 1.079289e+04 1.073800e+04 1.067206e+04
2.5 1.073895e+04 1.076211e+04 1.072811e+04 1.070496e+04
3.5 1.075453e+04 1.075243e+04 1.073808e+04 1.074018e+04
4.5 1.071692e+04 1.076504e+04 1.076297e+04 1.071486e+04
5.5 1.080760e+04 1.080133e+04 1.079554e+04 1.080181e+04
6.5 1.080843e+04 1.083536e+04 1.081103e+04 1.078411e+04
7.5 1.078514e+04 1.084656e+04 1.080409e+04 1.074266e+04
8.5 1.085897e+04 1.083750e+04 1.079126e+04 1.081273e+04
9.5 1.085257e+04 1.079704e+04 1.078161e+04 1.083714e+04
10.5 1.078709e+04 1.074260e+04 1.077622e+04 1.082071e+04
11.5 1.074740e+04 1.070701e+04 1.077364e+04 1.081403e+04
12.5 1.072454e+04 1.069816e+04 1.077251e+04 1.079889e+04
13.5 1.076846e+04 1.072843e+04 1.077206e+04 1.081209e+04
0.5 1.081756e+04 1.081325e+04 1.076090e+04 1.076521e+04
1.5 1.080522e+04 1.078684e+04 1.073846e+04 1.075683e+04
2.5 1.072414e+04 1.075754e+04 1.072857e+04 1.069517e+04
3.5 1.077002e+04 1.074840e+04 1.073853e+04 1.076016e+04
4.5 1.080992e+04 1.076108e+04 1.076341e+04 1.081225e+04
5.5 1.082074e+04 1.079724e+04 1.079597e+04 1.081947e+04
6.5 1.077139e+04 1.083107e+04 1.081144e+04 1.075176e+04
7.5 1.088318e+04 1.084194e+04 1.080412e+04 1.084535e+04
8.5 1.095328e+04 1.082970e+04 1.078036e+04 1.090395e+04
9.5 1.084095e+04 1.079343e+04 1.074824e+04 1.079576e+04
10.5 1.069231e+04 1.075927e+04 1.073293e+04 1.066597e+04
11.5 1.066820e+04 1.074797e+04 1.074029e+04 1.066052e+04
12.5 1.083327e+04 1.075977e+04 1.076400e+04 1.083750e+04
13.5 1.084241e+04 1.079562e+04 1.079608e+04 1.084287e+04
0.5 1.095328e+04 1.082970e+04 1.078036e+04 1.090395e+04
1.5 1.084095e+04 1.079343e+04 1.074824e+04 1.079576e+04
2.5 1.069231e+04 1.075927e+04 1.073293e+04 1.066597e+04
3.5 1.066820e+04 1.074797e+04 1.074029e+04 1.066052e+04
4.5 1.083327e+04 1.075977e+04 1.076400e+04 1.083750e+04
5.5 1.084241e+04 1.079562e+04 1.079608e+04 1.084287e+04
6.5 1.083270e+04 1.082937e+04 1.081133e+04 1.081465e+04
7.5 1.081093e+04 1.084031e+04 1.080426e+04 1.077489e+04
8.5 1.081727e+04 1.082824e+04 1.079139e+04 1.078042e+04
9.5 1.084682e+04 1.078275e+04 1.078168e+04 1.084576e+04
10.5 1.072069e+04 1.072778e+04 1.077624e+04 1.076915e+04
11.5 1.064134e+04 1.069673e+04 1.077360e+04 1.071821e+04
12.5 1.066557e+04 1.069562e+04 1.077241e+04 1.074236e+04
13.5 1.069735e+04 1.073405e+04 1.077192e+04 1.073522e+04
