0.5 1.089780e+04 1.081527e+04 1.079948e+04 1.088201e+04
1.5 1.088284e+04 1.077872e+04 1.077703e+04 1.088115e+04
2.5 1.079644e+04 1.072734e+04 1.073076e+04 1.079986e+04
3.5 1.070664e+04 1.069366e+04 1.068845e+04 1.070144e+04
4.5 1.065629e+04 1.068602e+04 1.066205e+04 1.063232e+04
5.5 1.064141e+04 1.071710e+04 1.066949e+04 1.059379e+04
6.5 1.075808e+04 1.076720e+04 1.070829e+04 1.069916e+04
7.5 1.075872e+04 1.080104e+04 1.074687e+04 1.070455e+04
8.5 1.073808e+04 1.080656e+04 1.077195e+04 1.070346e+04
9.5 1.077412e+04 1.077146e+04 1.078501e+04 1.078767e+04
10.5 1.079314e+04 1.072187e+04 1.079087e+04 1.086215e+04
11.5 1.074014e+04 1.069352e+04 1.079323e+04 1.083986e+04
12.5 1.073830e+04 1.069380e+04 1.079400e+04 1.083850e+04
13.5 1.079472e+04 1.073301e+04 1.079413e+04 1.085584e+04
0.5 1.078224e+04 1.083468e+04 1.079498e+04 1.074253e+04
1.5 1.083009e+04 1.079429e+04 1.077338e+04 1.080918e+04
2.5 1.074020e+04 1.073991e+04 1.072793e+04 1.072822e+04
3.5 1.074278e+04 1.070436e+04 1.068642e+04 1.072483e+04
4.5 1.071449e+04 1.069555e+04 1.066078e+04 1.067972e+04
5.5 1.068607e+04 1.072587e+04 1.066895e+04 1.062915e+04
6.5 1.075072e+04 1.077540e+04 1.070844e+04 1.068376e+04
7.5 1.091462e+04 1.080877e+04 1.074768e+04 1.085353e+04
8.5 1.086895e+04 1.081393e+04 1.077338e+04 1.082840e+04
9.5 1.079237e+04 1.077848e+04 1.078703e+04 1.080092e+04
10.5 1.071827e+04 1.072853e+04 1.079344e+04 1.078317e+04
11.5 1.070515e+04 1.069982e+04 1.079630e+04 1.080163e+04
12.5 1.068921e+04 1.069974e+04 1.079754e+04 1.078701e+04
13.5 1.070659e+04 1.073862e+04 1.079811e+04 1.076609e+04
0.5 1.078753e+04 1.082342e+04 1.079805e+04 1.076216e+04
1.5 1.078912e+04 1.078960e+04 1.077641e+04 1.077593e+04
2.5 1.072759e+04 1.073826e+04 1.073092e+04 1.072025e+04
3.5 1.073028e+04 1.070400e+04 1.068935e+04 1.071563e+04
4.5 1.073494e+04 1.069567e+04 1.066365e+04 1.070292e+04
5.5 1.074080e+04 1.072614e+04 1.067175e+04 1.068641e+04
6.5 1.075094e+04 1.077569e+04 1.071117e+04 1.068642e+04
7.5 1.083433e+04 1.080902e+04 1.075034e+04 1.077565e+04
8.5 1.084340e+04 1.081406e+04 1.077596e+04 1.080531e+04
9.5 1.084884e+04 1.078789e+04 1.078954e+04 1.085050e+04
10.5 1.080331e+04 1.075882e+04 1.079588e+04 1.084037e+04
11.5 1.081271e+04 1.074992e+04 1.079867e+04 1.086147e+04
12.5 1.072596e+04 1.076283e+04 1.079984e+04 1.076297e+04
13.5 1.077407e+04 1.079923e+04 1.080035e+04 1.077518e+04
0.5 1.085112e+04 1.082398e+04 1.080108e+04 1.082821e+04
1.5 1.079225e+04 1.079018e+04 1.077929e+04 1.078136e+04
2.5 1.070428e+04 1.073887e+04 1.073365e+04 1.069905e+04
3.5 1.069122e+04 1.070465e+04 1.069193e+04 1.067849e+04
4.5 1.071809e+04 1.069637e+04 1.066608e+04 1.068781e+04
5.5 1.070264e+04 1.072687e+04 1.067403e+04 1.064980e+04
6.5 1.073933e+04 1.077646e+04 1.071330e+04 1.067617e+04
7.5 1.069971e+04 1.080993e+04 1.075231e+04 1.064209e+04
8.5 1.072648e+04 1.081794e+04 1.077706e+04 1.068560e+04
9.5 1.077555e+04 1.078738e+04 1.076866e+04 1.075683e+04
10.5 1.068352e+04 1.073782e+04 1.072918e+04 1.067488e+04
11.5 1.066961e+04 1.070442e+04 1.069008e+04 1.065527e+04
12.5 1.064028e+04 1.069648e+04 1.066522e+04 1.060902e+04
13.5 1.064622e+04 1.072713e+04 1.067351e+04 1.059260e+04
0.5 1.072648e+04 1.081794e+04 1.077706e+04 1.068560e+04
1.5 1.077555e+04 1.078738e+04 1.076866e+04 1.075683e+04
2.5 1.068352e+04 1.073782e+04 1.072918e+04 1.067488e+04
3.5 1.066961e+04 1.070442e+04 1.069008e+04 1.065527e+04
4.5 1.064028e+04 1.069648e+04 1.066522e+04 1.060902e+04
5.5 1.064622e+04 1.072713e+04 1.067351e+04 1.059260e+04
6.5 1.073855e+04 1.077677e+04 1.071286e+04 1.067464e+04
7.5 1.077147e+04 1.081014e+04 1.075181e+04 1.071314e+04
8.5 1.079877e+04 1.081520e+04 1.077721e+04 1.076078e+04
9.5 1.085946e+04 1.078907e+04 1.079056e+04 1.086095e+04
10.5 1.075725e+04 1.076004e+04 1.079667e+04 1.079388e+04
11.5 1.068587e+04 1.075119e+04 1.079924e+04 1.073392e+04
12.5 1.071069e+04 1.076415e+04 1.080018e+04 1.074672e+04
13.5 1.074003e+04 1.080059e+04 1.080045e+04 1.073989e+04
0.5 1.085897e+04 1.083750e+04 1.079712e+04 1.081858e+04
1.5 1.085257e+04 1.079704e+04 1.077516e+04 1.083070e+04
2.5 1.078709e+04 1.074260e+04 1.072937e+04 1.077386e+04
3.5 1.074740e+04 1.070701e+04 1.068751e+04 1.072790e+04
4.5 1.072454e+04 1.069816e+04 1.066152e+04 1.068790e+04
5.5 1.076846e+04 1.072843e+04 1.066935e+04 1.070938e+04
6.5 1.084306e+04 1.077790e+04 1.070849e+04 1.077365e+04
7.5 1.094234e+04 1.081121e+04 1.074738e+04 1.087851e+04
8.5 1.092123e+04 1.081629e+04 1.077273e+04 1.087766e+04
9.5 1.082783e+04 1.078078e+04 1.078603e+04 1.083309e+04
10.5 1.074448e+04 1.073077e+04 1.079211e+04 1.080582e+04
11.5 1.071534e+04 1.070201e+04 1.079466e+04 1.080799e+04
12.5 1.072684e+04 1.070188e+04 1.079558e+04 1.082055e+04
13.5 1.070688e+04 1.074069e+04 1.079585e+04 1.076203e+04
0.5 1.085242e+04 1.082424e+04 1.079345e+04 1.082162e+04
1.5 1.071880e+04 1.079023e+04 1.077143e+04 1.069999e+04
2.5 1.056431e+04 1.073871e+04 1.072556e+04 1.055116e+04
3.5 1.065340e+04 1.070426e+04 1.068362e+04 1.063276e+04
4.5 1.076637e+04 1.069574e+04 1.065754e+04 1.072818e+04
5.5 1.073359e+04 1.072600e+04 1.066527e+04 1.067286e+04
6.5 1.079216e+04 1.077534e+04 1.070432e+04 1.072113e+04
7.5 1.086551e+04 1.080844e+04 1.074311e+04 1.080018e+04
8.5 1.081756e+04 1.081325e+04 1.076836e+04 1.077267e+04
9.5 1.080522e+04 1.078684e+04 1.078155e+04 1.079993e+04
10.5 1.072414e+04 1.075754e+04 1.078751e+04 1.075411e+04
11.5 1.077002e+04 1.074840e+04 1.078992e+04 1.081154e+04
12.5 1.080992e+04 1.076108e+04 1.079070e+04 1.083954e+04
13.5 1.082074e+04 1.079724e+04 1.079082e+04 1.081431e+04
0.5 1.074545e+04 1.081859e+04 1.078546e+04 1.071231e+04
1.5 1.066842e+04 1.078475e+04 1.076347e+04 1.064714e+04
2.5 1.075116e+04 1.073338e+04 1.071766e+04 1.073544e+04
