0.5 8.964328e+03 8.953564e+03 8.945882e+03 8.956646e+03
1.5 8.909605e+03 8.936336e+03 8.930094e+03 8.903364e+03
2.5 8.853729e+03 8.903433e+03 8.897564e+03 8.847861e+03
3.5 8.861460e+03 8.874955e+03 8.867821e+03 8.854326e+03
4.5 8.806396e+03 8.858865e+03 8.849260e+03 8.796791e+03
5.5 8.820811e+03 8.867137e+03 8.854490e+03 8.808164e+03
6.5 8.880581e+03 8.895956e+03 8.881767e+03 8.866392e+03
7.5 8.939747e+03 8.922682e+03 8.908892e+03 8.925957e+03
8.5 8.929248e+03 8.938179e+03 8.926523e+03 8.917591e+03
9.5 8.899983e+03 8.936171e+03 8.935706e+03 8.899517e+03
10.5 8.895780e+03 8.921245e+03 8.939829e+03 8.914364e+03
11.5 8.878421e+03 8.907423e+03 8.941485e+03 8.912483e+03
12.5 8.889658e+03 8.900170e+03 8.942023e+03 8.931511e+03
13.5 8.882985e+03 8.906471e+03 8.942118e+03 8.918631e+03
0.5 9.001856e+03 8.956829e+03 8.942714e+03 8.987740e+03
1.5 8.958672e+03 8.938694e+03 8.927527e+03 8.947505e+03
2.5 8.894603e+03 8.905250e+03 8.895577e+03 8.884931e+03
3.5 8.869453e+03 8.876551e+03 8.866393e+03 8.859295e+03
4.5 8.854190e+03 8.860414e+03 8.848368e+03 8.842144e+03
5.5 8.867829e+03 8.868732e+03 8.854110e+03 8.853207e+03
6.5 8.926273e+03 8.897632e+03 8.881875e+03 8.910516e+03
7.5 9.004376e+03 8.924459e+03 8.909462e+03 8.989378e+03
8.5 9.011524e+03 8.940072e+03 8.927529e+03 8.998981e+03
9.5 8.967665e+03 8.938173e+03 8.937123e+03 8.966615e+03
10.5 8.896870e+03 8.923343e+03 8.941631e+03 8.915158e+03
11.5 8.892550e+03 8.909602e+03 8.943646e+03 8.926593e+03
12.5 8.865871e+03 8.902416e+03 8.944516e+03 8.907971e+03
13.5 8.872338e+03 8.908773e+03 8.944917e+03 8.908481e+03
0.5 8.918254e+03 8.947867e+03 8.944872e+03 8.915259e+03
1.5 8.902131e+03 8.935131e+03 8.929657e+03 8.896656e+03
2.5 8.920320e+03 8.904266e+03 8.897675e+03 8.913728e+03
3.5 8.910180e+03 8.876686e+03 8.868453e+03 8.901947e+03
4.5 8.876424e+03 8.860981e+03 8.850384e+03 8.865827e+03
5.5 8.866330e+03 8.869440e+03 8.856079e+03 8.852969e+03
6.5 8.868572e+03 8.898371e+03 8.883794e+03 8.853994e+03
7.5 8.912370e+03 8.925134e+03 8.911330e+03 8.898565e+03
8.5 8.944131e+03 8.939769e+03 8.929346e+03 8.933708e+03
9.5 8.945080e+03 8.942530e+03 8.938889e+03 8.941439e+03
10.5 8.969749e+03 8.941500e+03 8.943346e+03 8.971595e+03
11.5 8.943557e+03 8.942430e+03 8.945311e+03 8.946438e+03
12.5 8.918588e+03 8.946354e+03 8.946133e+03 8.918367e+03
13.5 8.948924e+03 8.953628e+03 8.946487e+03 8.941783e+03
0.5 8.933271e+03 8.948971e+03 8.947004e+03 8.931304e+03
1.5 8.934086e+03 8.936215e+03 8.931683e+03 8.929553e+03
2.5 8.885965e+03 8.905333e+03 8.899594e+03 8.880226e+03
3.5 8.861122e+03 8.877740e+03 8.870265e+03 8.853648e+03
4.5 8.820679e+03 8.862027e+03 8.852092e+03 8.810743e+03
5.5 8.844915e+03 8.870479e+03 8.857681e+03 8.832118e+03
6.5 8.899360e+03 8.899403e+03 8.885290e+03 8.885246e+03
7.5 8.918832e+03 8.926197e+03 8.912717e+03 8.905352e+03
8.5 8.919932e+03 8.941620e+03 8.930119e+03 8.908431e+03
9.5 8.912295e+03 8.933084e+03 8.924211e+03 8.903422e+03
10.5 8.874957e+03 8.904151e+03 8.896452e+03 8.867257e+03
11.5 8.841724e+03 8.877390e+03 8.868964e+03 8.833299e+03
12.5 8.821186e+03 8.861994e+03 8.851491e+03 8.810683e+03
13.5 8.848446e+03 8.870551e+03 8.857315e+03 8.835210e+03
0.5 8.919932e+03 8.941620e+03 8.930119e+03 8.908431e+03
1.5 8.912295e+03 8.933084e+03 8.924211e+03 8.903422e+03
2.5 8.874957e+03 8.904151e+03 8.896452e+03 8.867257e+03
3.5 8.841724e+03 8.877390e+03 8.868964e+03 8.833299e+03
4.5 8.821186e+03 8.861994e+03 8.851491e+03 8.810683e+03
5.5 8.848446e+03 8.870551e+03 8.857315e+03 8.835210e+03
6.5 8.870424e+03 8.899498e+03 8.884979e+03 8.855905e+03
7.5 8.934122e+03 8.926228e+03 8.912361e+03 8.920255e+03
8.5 8.922356e+03 8.940828e+03 8.930222e+03 8.911749e+03
9.5 8.909710e+03 8.943555e+03 8.939607e+03 8.905762e+03
10.5 8.892701e+03 8.942493e+03 8.943904e+03 8.894112e+03
11.5 8.888017e+03 8.943392e+03 8.945708e+03 8.890334e+03
12.5 8.864210e+03 8.947285e+03 8.946368e+03 8.863293e+03
13.5 8.898462e+03 8.954525e+03 8.946558e+03 8.890495e+03
0.5 8.944474e+03 8.958919e+03 8.944216e+03 8.929771e+03
1.5 8.961864e+03 8.940676e+03 8.928783e+03 8.949971e+03
2.5 8.937512e+03 8.907127e+03 8.896588e+03 8.926973e+03
3.5 8.892544e+03 8.878326e+03 8.867159e+03 8.881377e+03
4.5 8.881697e+03 8.862090e+03 8.848890e+03 8.868497e+03
5.5 8.875885e+03 8.870305e+03 8.854388e+03 8.859969e+03
6.5 8.906804e+03 8.899098e+03 8.881908e+03 8.889614e+03
7.5 8.940488e+03 8.925813e+03 8.909248e+03 8.923924e+03
8.5 8.930266e+03 8.941310e+03 8.927071e+03 8.916027e+03
9.5 8.939632e+03 8.939298e+03 8.936425e+03 8.936759e+03
10.5 8.922945e+03 8.924357e+03 8.940700e+03 8.939288e+03
11.5 8.909650e+03 8.910509e+03 8.942490e+03 8.941632e+03
12.5 8.941162e+03 8.903215e+03 8.943140e+03 8.981087e+03
13.5 8.948855e+03 8.909460e+03 8.943324e+03 8.982718e+03
0.5 8.918456e+03 8.947153e+03 8.941636e+03 8.912939e+03
1.5 8.879251e+03 8.934204e+03 8.926157e+03 8.871204e+03
2.5 8.851825e+03 8.903120e+03 8.893909e+03 8.842614e+03
3.5 8.863273e+03 8.875318e+03 8.864423e+03 8.852377e+03
4.5 8.888379e+03 8.859390e+03 8.846091e+03 8.875079e+03
5.5 8.855204e+03 8.867622e+03 8.851523e+03 8.839105e+03
6.5 8.873736e+03 8.896321e+03 8.878976e+03 8.856391e+03
7.5 8.893709e+03 8.922845e+03 8.906247e+03 8.877112e+03
8.5 8.902388e+03 8.937234e+03 8.923998e+03 8.889152e+03
9.5 8.850807e+03 8.939745e+03 8.933273e+03 8.844335e+03
10.5 8.853903e+03 8.938462e+03 8.937461e+03 8.852901e+03
11.5 8.896385e+03 8.939138e+03 8.939155e+03 8.896402e+03
12.5 8.923834e+03 8.942808e+03 8.939705e+03 8.920731e+03
13.5 8.924115e+03 8.949827e+03 8.939787e+03 8.914075e+03
0.5 8.942667e+03 8.941645e+03 8.936019e+03 8.937041e+03
1.5 8.923410e+03 8.928851e+03 8.920560e+03 8.915119e+03
2.5 8.921509e+03 8.897950e+03 8.888354e+03 8.911913e+03
