0.5 9.873688e+03 9.880157e+03 9.876487e+03 9.870019e+03
1.5 9.878516e+03 9.869144e+03 9.871376e+03 9.880748e+03
2.5 9.880220e+03 9.867283e+03 9.869119e+03 9.882056e+03
3.5 9.911068e+03 9.871752e+03 9.871375e+03 9.910691e+03
4.5 9.904147e+03 9.879202e+03 9.877020e+03 9.901966e+03
5.5 9.874897e+03 9.885788e+03 9.884413e+03 9.873523e+03
6.5 9.895759e+03 9.885837e+03 9.887927e+03 9.897848e+03
7.5 9.853844e+03 9.880843e+03 9.886344e+03 9.859344e+03
8.5 9.828915e+03 9.874200e+03 9.883423e+03 9.838138e+03
9.5 9.789176e+03 9.865102e+03 9.881222e+03 9.805295e+03
10.5 9.836477e+03 9.856304e+03 9.879990e+03 9.860163e+03
11.5 9.835495e+03 9.851650e+03 9.879396e+03 9.863241e+03
12.5 9.836433e+03 9.851496e+03 9.879130e+03 9.864067e+03
13.5 9.821229e+03 9.856866e+03 9.879020e+03 9.843383e+03
0.5 9.818667e+03 9.866953e+03 9.876382e+03 9.828096e+03
1.5 9.845759e+03 9.864208e+03 9.871276e+03 9.852827e+03
2.5 9.897507e+03 9.866110e+03 9.869020e+03 9.900417e+03
3.5 9.831651e+03 9.872097e+03 9.871277e+03 9.830832e+03
4.5 9.844570e+03 9.880031e+03 9.876924e+03 9.841464e+03
5.5 9.873474e+03 9.886680e+03 9.884320e+03 9.871113e+03
6.5 9.883986e+03 9.886636e+03 9.887838e+03 9.885189e+03
7.5 9.904078e+03 9.881461e+03 9.886259e+03 9.908877e+03
8.5 9.808633e+03 9.874638e+03 9.883343e+03 9.817337e+03
9.5 9.779951e+03 9.865371e+03 9.881146e+03 9.795726e+03
10.5 9.783967e+03 9.856414e+03 9.879918e+03 9.807472e+03
11.5 9.778319e+03 9.851614e+03 9.879329e+03 9.806034e+03
12.5 9.854805e+03 9.851326e+03 9.879066e+03 9.882545e+03
13.5 9.843806e+03 9.856573e+03 9.878960e+03 9.866193e+03
0.5 9.879395e+03 9.881114e+03 9.876331e+03 9.874612e+03
1.5 9.855855e+03 9.869802e+03 9.871230e+03 9.857284e+03
2.5 9.845084e+03 9.867658e+03 9.868979e+03 9.846405e+03
3.5 9.845848e+03 9.871861e+03 9.871241e+03 9.845227e+03
4.5 9.902622e+03 9.879065e+03 9.876893e+03 9.900449e+03
5.5 9.860252e+03 9.885425e+03 9.884293e+03 9.859119e+03
6.5 9.864287e+03 9.885265e+03 9.887815e+03 9.866837e+03
7.5 9.848254e+03 9.880050e+03 9.886240e+03 9.854444e+03
8.5 9.899979e+03 9.872959e+03 9.883328e+03 9.910348e+03
9.5 9.908337e+03 9.875085e+03 9.881135e+03 9.914387e+03
10.5 9.926499e+03 9.892298e+03 9.879910e+03 9.914111e+03
11.5 9.972784e+03 9.912605e+03 9.879324e+03 9.939503e+03
12.5 9.934414e+03 9.929047e+03 9.879065e+03 9.884432e+03
13.5 9.987827e+03 9.931673e+03 9.878962e+03 9.935117e+03
0.5 9.785765e+03 9.864521e+03 9.876376e+03 9.797620e+03
1.5 9.858033e+03 9.861728e+03 9.871277e+03 9.867582e+03
2.5 9.876879e+03 9.863590e+03 9.869028e+03 9.882317e+03
3.5 9.864432e+03 9.869545e+03 9.871291e+03 9.866177e+03
4.5 9.881775e+03 9.877458e+03 9.876944e+03 9.881262e+03
5.5 9.863433e+03 9.884095e+03 9.884344e+03 9.863682e+03
6.5 9.863857e+03 9.884048e+03 9.887867e+03 9.867676e+03
7.5 9.851144e+03 9.878859e+03 9.886292e+03 9.858577e+03
8.5 9.845534e+03 9.871794e+03 9.883381e+03 9.857121e+03
9.5 9.907774e+03 9.873953e+03 9.881191e+03 9.915012e+03
10.5 9.917958e+03 9.891199e+03 9.879969e+03 9.906728e+03
11.5 9.869651e+03 9.911536e+03 9.879385e+03 9.837500e+03
12.5 9.924228e+03 9.928006e+03 9.879128e+03 9.875350e+03
13.5 9.962878e+03 9.930656e+03 9.879026e+03 9.911248e+03
0.5 9.890795e+03 9.864364e+03 9.876436e+03 9.902867e+03
1.5 9.816284e+03 9.861631e+03 9.871336e+03 9.825989e+03
2.5 9.841294e+03 9.863559e+03 9.869086e+03 9.846820e+03
3.5 9.847677e+03 9.869583e+03 9.871347e+03 9.849441e+03
4.5 9.890827e+03 9.877564e+03 9.876999e+03 9.890262e+03
5.5 9.860604e+03 9.884269e+03 9.884398e+03 9.860733e+03
6.5 9.893150e+03 9.884290e+03 9.887920e+03 9.896780e+03
7.5 9.918017e+03 9.879189e+03 9.886344e+03 9.925171e+03
8.5 9.841683e+03 9.872448e+03 9.883430e+03 9.852664e+03
9.5 9.859627e+03 9.863267e+03 9.881235e+03 9.877596e+03
10.5 9.859753e+03 9.854397e+03 9.880009e+03 9.885365e+03
11.5 9.896072e+03 9.849685e+03 9.879421e+03 9.925808e+03
12.5 9.855106e+03 9.849487e+03 9.879160e+03 9.884779e+03
13.5 9.823303e+03 9.854825e+03 9.879053e+03 9.847530e+03
0.5 9.947616e+03 9.880530e+03 9.876407e+03 9.943493e+03
1.5 9.839963e+03 9.869334e+03 9.871302e+03 9.841931e+03
2.5 9.853751e+03 9.867305e+03 9.869048e+03 9.855494e+03
3.5 9.879275e+03 9.871622e+03 9.871305e+03 9.878958e+03
4.5 9.906807e+03 9.878941e+03 9.876953e+03 9.904819e+03
5.5 9.907535e+03 9.885416e+03 9.884349e+03 9.906468e+03
6.5 9.875667e+03 9.885374e+03 9.887868e+03 9.878161e+03
7.5 9.913384e+03 9.880272e+03 9.886207e+03 9.919319e+03
8.5 9.865498e+03 9.872735e+03 9.880812e+03 9.873574e+03
9.5 9.842101e+03 9.866278e+03 9.873513e+03 9.849336e+03
10.5 9.892868e+03 9.866435e+03 9.870033e+03 9.896466e+03
11.5 9.866667e+03 9.871714e+03 9.871704e+03 9.866657e+03
12.5 9.876027e+03 9.879437e+03 9.877093e+03 9.873683e+03
13.5 9.895910e+03 9.886094e+03 9.884385e+03 9.894201e+03
0.5 9.865498e+03 9.872735e+03 9.880812e+03 9.873574e+03
1.5 9.842101e+03 9.866278e+03 9.873513e+03 9.849336e+03
2.5 9.892868e+03 9.866435e+03 9.870033e+03 9.896466e+03
3.5 9.866667e+03 9.871714e+03 9.871704e+03 9.866657e+03
4.5 9.876027e+03 9.879437e+03 9.877093e+03 9.873683e+03
5.5 9.895910e+03 9.886094e+03 9.884385e+03 9.894201e+03
6.5 9.917343e+03 9.886148e+03 9.887858e+03 9.919053e+03
7.5 9.927616e+03 9.881104e+03 9.886263e+03 9.932775e+03
8.5 9.953141e+03 9.874194e+03 9.883347e+03 9.962294e+03
9.5 9.914624e+03 9.876510e+03 9.881151e+03 9.919265e+03
10.5 9.858841e+03 9.893919e+03 9.879924e+03 9.844845e+03
11.5 9.904890e+03 9.914426e+03 9.879335e+03 9.869799e+03
12.5 9.924172e+03 9.931068e+03 9.879073e+03 9.872177e+03
13.5 9.946768e+03 9.933897e+03 9.878968e+03 9.891839e+03
0.5 9.887020e+03 9.870610e+03 9.876395e+03 9.892805e+03
1.5 9.898565e+03 9.867951e+03 9.871301e+03 9.901915e+03
2.5 9.880258e+03 9.869943e+03 9.869057e+03 9.879372e+03
3.5 9.882348e+03 9.876024e+03 9.871325e+03 9.877648e+03
4.5 9.905570e+03 9.884057e+03 9.876984e+03 9.898498e+03
5.5 9.878697e+03 9.890805e+03 9.884392e+03 9.872284e+03
6.5 9.879630e+03 9.890858e+03 9.887922e+03 9.876694e+03
7.5 9.874187e+03 9.885750e+03 9.886355e+03 9.874791e+03
8.5 9.888711e+03 9.878745e+03 9.883450e+03 9.893416e+03
9.5 9.920970e+03 9.880933e+03 9.881265e+03 9.921302e+03
10.5 9.917302e+03 9.898178e+03 9.880049e+03 9.899174e+03
