0.5 8.929248e+03 8.938179e+03 8.925582e+03 8.916651e+03
1.5 8.899983e+03 8.936171e+03 8.923544e+03 8.887355e+03
2.5 8.895780e+03 8.921245e+03 8.922643e+03 8.897179e+03
3.5 8.878421e+03 8.907423e+03 8.923543e+03 8.894541e+03
4.5 8.889658e+03 8.900170e+03 8.925794e+03 8.915282e+03
5.5 8.882985e+03 8.906471e+03 8.928743e+03 8.905256e+03
6.5 8.951197e+03 8.923356e+03 8.930144e+03 8.957985e+03
7.5 8.942503e+03 8.937947e+03 8.929513e+03 8.934069e+03
8.5 8.931009e+03 8.944561e+03 8.928348e+03 8.914796e+03
9.5 8.923553e+03 8.943056e+03 8.927470e+03 8.907967e+03
10.5 9.013634e+03 8.940039e+03 8.926979e+03 9.000574e+03
11.5 9.008101e+03 8.940110e+03 8.926742e+03 8.994733e+03
12.5 9.004453e+03 8.943699e+03 8.926636e+03 8.987391e+03
13.5 8.975833e+03 8.950854e+03 8.926592e+03 8.951570e+03
0.5 8.939927e+03 8.955716e+03 8.925540e+03 8.909751e+03
1.5 8.934982e+03 8.944152e+03 8.923503e+03 8.914333e+03
2.5 8.951489e+03 8.924754e+03 8.922604e+03 8.949339e+03
3.5 8.937419e+03 8.909028e+03 8.923504e+03 8.951895e+03
4.5 8.948734e+03 8.901062e+03 8.925756e+03 8.973428e+03
5.5 8.920939e+03 8.907146e+03 8.928706e+03 8.942499e+03
6.5 8.923190e+03 8.924004e+03 8.930109e+03 8.929295e+03
7.5 8.972114e+03 8.938678e+03 8.929479e+03 8.962915e+03
8.5 8.983829e+03 8.945382e+03 8.928316e+03 8.966764e+03
9.5 8.981359e+03 8.943962e+03 8.927440e+03 8.964837e+03
10.5 8.983063e+03 8.941020e+03 8.926950e+03 8.968994e+03
11.5 8.982712e+03 8.941154e+03 8.926715e+03 8.968273e+03
12.5 8.958238e+03 8.944797e+03 8.926611e+03 8.940051e+03
13.5 8.950784e+03 8.952000e+03 8.926568e+03 8.925352e+03
0.5 9.011524e+03 8.940072e+03 8.925520e+03 8.996972e+03
1.5 8.967665e+03 8.938173e+03 8.923485e+03 8.952977e+03
2.5 8.896870e+03 8.923343e+03 8.922588e+03 8.896115e+03
3.5 8.892550e+03 8.909602e+03 8.923489e+03 8.906437e+03
4.5 8.865871e+03 8.902416e+03 8.925744e+03 8.889199e+03
5.5 8.872338e+03 8.908773e+03 8.928695e+03 8.892260e+03
6.5 8.885274e+03 8.925710e+03 8.930100e+03 8.889663e+03
7.5 8.916123e+03 8.940397e+03 8.929471e+03 8.905197e+03
8.5 8.918254e+03 8.947867e+03 8.928310e+03 8.898697e+03
9.5 8.902131e+03 8.935131e+03 8.927435e+03 8.894435e+03
10.5 8.920320e+03 8.904266e+03 8.926947e+03 8.943000e+03
11.5 8.910180e+03 8.876686e+03 8.926713e+03 8.960207e+03
12.5 8.876424e+03 8.860981e+03 8.926610e+03 8.942052e+03
13.5 8.866330e+03 8.869440e+03 8.926569e+03 8.923459e+03
0.5 8.989328e+03 8.958751e+03 8.925538e+03 8.956114e+03
1.5 8.987751e+03 8.947165e+03 8.923504e+03 8.964089e+03
2.5 8.927125e+03 8.927745e+03 8.922607e+03 8.921987e+03
3.5 8.916285e+03 8.911993e+03 8.923509e+03 8.927802e+03
4.5 8.928686e+03 8.903995e+03 8.925764e+03 8.950456e+03
5.5 8.943291e+03 8.910040e+03 8.928715e+03 8.961967e+03
6.5 8.915154e+03 8.926854e+03 8.930120e+03 8.918420e+03
7.5 8.932391e+03 8.941519e+03 8.929492e+03 8.920364e+03
8.5 8.933271e+03 8.948971e+03 8.928331e+03 8.912632e+03
9.5 8.934086e+03 8.936215e+03 8.927458e+03 8.925328e+03
10.5 8.885965e+03 8.905333e+03 8.926971e+03 8.907602e+03
11.5 8.861122e+03 8.877740e+03 8.926738e+03 8.910120e+03
12.5 8.820679e+03 8.862027e+03 8.926635e+03 8.885287e+03
13.5 8.844915e+03 8.870479e+03 8.926594e+03 8.901031e+03
0.5 8.973771e+03 8.959286e+03 8.925562e+03 8.940046e+03
1.5 8.990987e+03 8.947658e+03 8.923528e+03 8.966856e+03
2.5 8.951202e+03 8.928189e+03 8.922630e+03 8.945643e+03
3.5 8.911933e+03 8.912387e+03 8.923532e+03 8.923078e+03
4.5 8.894966e+03 8.904340e+03 8.925786e+03 8.916412e+03
5.5 8.921758e+03 8.910336e+03 8.928737e+03 8.940159e+03
6.5 8.945657e+03 8.927099e+03 8.930141e+03 8.948699e+03
7.5 8.968684e+03 8.941671e+03 8.929513e+03 8.956526e+03
8.5 8.977099e+03 8.948269e+03 8.928351e+03 8.957181e+03
9.5 8.965176e+03 8.946745e+03 8.927476e+03 8.945907e+03
10.5 8.982800e+03 8.943702e+03 8.926987e+03 8.966084e+03
11.5 8.970544e+03 8.943741e+03 8.926752e+03 8.953555e+03
12.5 8.986081e+03 8.947291e+03 8.926648e+03 8.965438e+03
13.5 8.979462e+03 8.954398e+03 8.926605e+03 8.951669e+03
0.5 8.930266e+03 8.941310e+03 8.925550e+03 8.914506e+03
1.5 8.939632e+03 8.939298e+03 8.923514e+03 8.923849e+03
2.5 8.922945e+03 8.924357e+03 8.922615e+03 8.921202e+03
3.5 8.909650e+03 8.910509e+03 8.923515e+03 8.922657e+03
4.5 8.941162e+03 8.903215e+03 8.925768e+03 8.963715e+03
5.5 8.948855e+03 8.909460e+03 8.928717e+03 8.968112e+03
6.5 8.978906e+03 8.926279e+03 8.930121e+03 8.982747e+03
7.5 8.983105e+03 8.940836e+03 8.929458e+03 8.971727e+03
8.5 8.991672e+03 8.948315e+03 8.927307e+03 8.970664e+03
9.5 8.988422e+03 8.942030e+03 8.924396e+03 8.970789e+03
10.5 8.973877e+03 8.925076e+03 8.923008e+03 8.971809e+03
11.5 8.945674e+03 8.910322e+03 8.923674e+03 8.959025e+03
12.5 8.908185e+03 8.902631e+03 8.925823e+03 8.931378e+03
13.5 8.884523e+03 8.908687e+03 8.928732e+03 8.904567e+03
0.5 8.991672e+03 8.948315e+03 8.927307e+03 8.970664e+03
1.5 8.988422e+03 8.942030e+03 8.924396e+03 8.970789e+03
2.5 8.973877e+03 8.925076e+03 8.923008e+03 8.971809e+03
3.5 8.945674e+03 8.910322e+03 8.923674e+03 8.959025e+03
4.5 8.908185e+03 8.902631e+03 8.925823e+03 8.931378e+03
5.5 8.884523e+03 8.908687e+03 8.928732e+03 8.904567e+03
6.5 8.927541e+03 8.925394e+03 8.930117e+03 8.932263e+03
7.5 8.931913e+03 8.939888e+03 8.929481e+03 8.921506e+03
8.5 8.918456e+03 8.947153e+03 8.928318e+03 8.899621e+03
9.5 8.879251e+03 8.934204e+03 8.927442e+03 8.872489e+03
10.5 8.851825e+03 8.903120e+03 8.926952e+03 8.875658e+03
11.5 8.863273e+03 8.875318e+03 8.926718e+03 8.914672e+03
12.5 8.888379e+03 8.859390e+03 8.926613e+03 8.955602e+03
13.5 8.855204e+03 8.867622e+03 8.926571e+03 8.914153e+03
0.5 8.907554e+03 8.952432e+03 8.925545e+03 8.880668e+03
1.5 8.920964e+03 8.940685e+03 8.923513e+03 8.903792e+03
2.5 8.910015e+03 8.921101e+03 8.922618e+03 8.911533e+03
3.5 8.893823e+03 8.905187e+03 8.923523e+03 8.912159e+03
4.5 8.878168e+03 8.897039e+03 8.925780e+03 8.906909e+03
5.5 8.888000e+03 8.902954e+03 8.928734e+03 8.913781e+03
6.5 8.907126e+03 8.919663e+03 8.930142e+03 8.917605e+03
7.5 8.970940e+03 8.934249e+03 8.929517e+03 8.966208e+03
8.5 8.942667e+03 8.941645e+03 8.928359e+03 8.929381e+03
9.5 8.923410e+03 8.928851e+03 8.927488e+03 8.922047e+03
10.5 8.921509e+03 8.897950e+03 8.927003e+03 8.950561e+03
