0.5 9.069928e+03 9.010336e+03 9.088688e+03 9.148280e+03
1.5 9.077456e+03 9.043284e+03 9.091138e+03 9.125311e+03
2.5 9.088484e+03 9.110050e+03 9.092148e+03 9.070582e+03
3.5 9.128779e+03 9.168835e+03 9.090957e+03 9.050901e+03
4.5 9.129480e+03 9.202592e+03 9.088139e+03 9.015027e+03
5.5 9.170900e+03 9.185694e+03 9.084529e+03 9.069735e+03
6.5 9.139260e+03 9.124578e+03 9.082877e+03 9.097559e+03
7.5 9.039526e+03 9.066530e+03 9.083718e+03 9.056714e+03
8.5 8.977547e+03 9.033420e+03 9.085187e+03 9.029314e+03
9.5 9.031992e+03 9.050531e+03 9.086282e+03 9.067742e+03
10.5 9.105509e+03 9.106995e+03 9.086889e+03 9.085402e+03
11.5 9.147471e+03 9.156844e+03 9.087177e+03 9.077803e+03
12.5 9.164542e+03 9.182412e+03 9.087302e+03 9.069432e+03
13.5 9.176790e+03 9.159793e+03 9.087350e+03 9.104347e+03
0.5 8.986171e+03 9.002934e+03 9.088583e+03 9.071820e+03
1.5 9.024451e+03 9.022875e+03 9.091037e+03 9.092613e+03
2.5 9.104415e+03 9.084762e+03 9.092052e+03 9.111705e+03
3.5 9.157761e+03 9.142364e+03 9.090867e+03 9.106264e+03
4.5 9.179408e+03 9.176554e+03 9.088053e+03 9.090907e+03
5.5 9.121215e+03 9.160676e+03 9.084449e+03 9.044989e+03
6.5 9.105528e+03 9.100749e+03 9.082802e+03 9.087581e+03
7.5 9.076055e+03 9.043943e+03 9.083648e+03 9.115760e+03
8.5 9.039059e+03 9.011965e+03 9.085123e+03 9.112217e+03
9.5 9.058173e+03 9.030145e+03 9.086223e+03 9.114251e+03
10.5 9.121010e+03 9.087642e+03 9.086835e+03 9.120203e+03
11.5 9.148737e+03 9.138507e+03 9.087129e+03 9.097359e+03
12.5 9.159899e+03 9.165067e+03 9.087259e+03 9.082091e+03
13.5 9.133107e+03 9.143406e+03 9.087311e+03 9.077013e+03
0.5 8.972242e+03 9.002977e+03 9.088594e+03 9.057859e+03
1.5 9.015095e+03 9.021919e+03 9.091048e+03 9.084224e+03
2.5 9.083166e+03 9.083323e+03 9.092063e+03 9.091907e+03
3.5 9.165885e+03 9.140761e+03 9.090879e+03 9.116003e+03
4.5 9.157822e+03 9.174947e+03 9.088066e+03 9.070941e+03
5.5 9.161399e+03 9.159136e+03 9.084463e+03 9.086726e+03
6.5 9.094682e+03 9.099298e+03 9.082816e+03 9.078200e+03
7.5 9.031480e+03 9.042623e+03 9.083662e+03 9.072519e+03
8.5 8.991679e+03 9.011790e+03 9.085136e+03 9.065026e+03
9.5 9.044034e+03 9.031909e+03 9.086236e+03 9.098361e+03
10.5 9.142496e+03 9.089758e+03 9.086848e+03 9.139585e+03
11.5 9.150503e+03 9.139100e+03 9.087141e+03 9.098544e+03
12.5 9.150461e+03 9.162923e+03 9.087271e+03 9.074808e+03
13.5 9.163634e+03 9.138287e+03 9.087323e+03 9.112670e+03
0.5 8.998530e+03 9.002078e+03 9.088616e+03 9.085068e+03
1.5 9.067466e+03 9.021096e+03 9.091071e+03 9.137441e+03
2.5 9.102306e+03 9.082562e+03 9.092086e+03 9.111830e+03
3.5 9.109384e+03 9.140052e+03 9.090901e+03 9.060233e+03
4.5 9.142135e+03 9.174281e+03 9.088088e+03 9.055942e+03
5.5 9.179283e+03 9.158515e+03 9.084484e+03 9.105252e+03
6.5 9.142422e+03 9.098727e+03 9.082837e+03 9.126532e+03
7.5 9.003083e+03 9.042002e+03 9.083723e+03 9.044804e+03
8.5 8.932082e+03 9.008092e+03 9.086409e+03 9.010399e+03
9.5 8.996301e+03 9.023985e+03 9.089963e+03 9.062279e+03
10.5 9.073657e+03 9.083825e+03 9.091589e+03 9.081421e+03
11.5 9.110275e+03 9.140567e+03 9.090696e+03 9.060405e+03
12.5 9.119294e+03 9.174479e+03 9.088012e+03 9.032827e+03
13.5 9.121656e+03 9.158591e+03 9.084460e+03 9.047524e+03
0.5 8.932082e+03 9.008092e+03 9.086409e+03 9.010399e+03
1.5 8.996301e+03 9.023985e+03 9.089963e+03 9.062279e+03
2.5 9.073657e+03 9.083825e+03 9.091589e+03 9.081421e+03
3.5 9.110275e+03 9.140567e+03 9.090696e+03 9.060405e+03
4.5 9.119294e+03 9.174479e+03 9.088012e+03 9.032827e+03
5.5 9.121656e+03 9.158591e+03 9.084460e+03 9.047524e+03
6.5 9.075223e+03 9.098757e+03 9.082835e+03 9.059301e+03
7.5 8.992868e+03 9.042129e+03 9.083689e+03 9.034428e+03
8.5 8.962942e+03 9.011357e+03 9.085164e+03 9.036749e+03
9.5 9.014439e+03 9.031530e+03 9.086263e+03 9.069172e+03
10.5 9.063487e+03 9.089420e+03 9.086875e+03 9.060942e+03
11.5 9.112795e+03 9.138793e+03 9.087168e+03 9.061171e+03
12.5 9.135056e+03 9.162643e+03 9.087297e+03 9.059711e+03
13.5 9.161532e+03 9.138037e+03 9.087349e+03 9.110845e+03
0.5 9.016560e+03 9.000147e+03 9.088626e+03 9.105039e+03
1.5 9.086171e+03 9.020342e+03 9.091080e+03 9.156908e+03
2.5 9.158875e+03 9.082460e+03 9.092094e+03 9.168509e+03
3.5 9.184263e+03 9.140266e+03 9.090908e+03 9.134905e+03
4.5 9.212306e+03 9.174637e+03 9.088093e+03 9.125762e+03
5.5 9.211146e+03 9.158930e+03 9.084489e+03 9.136704e+03
6.5 9.182528e+03 9.099175e+03 9.082841e+03 9.166194e+03
7.5 9.107313e+03 9.042549e+03 9.083687e+03 9.148450e+03
8.5 9.030408e+03 9.010751e+03 9.085160e+03 9.104818e+03
9.5 9.050774e+03 9.029104e+03 9.086258e+03 9.107928e+03
10.5 9.098028e+03 9.086757e+03 9.086869e+03 9.098140e+03
11.5 9.130905e+03 9.137753e+03 9.087160e+03 9.080313e+03
12.5 9.146825e+03 9.164428e+03 9.087289e+03 9.069686e+03
13.5 9.151430e+03 9.142874e+03 9.087341e+03 9.095897e+03
0.5 9.012003e+03 9.003174e+03 9.088626e+03 9.097455e+03
1.5 8.995296e+03 9.022263e+03 9.091080e+03 9.064112e+03
2.5 9.015377e+03 9.083807e+03 9.092095e+03 9.023664e+03
3.5 9.102285e+03 9.141375e+03 9.090909e+03 9.051819e+03
4.5 9.195541e+03 9.175681e+03 9.088095e+03 9.107956e+03
5.5 9.196577e+03 9.159985e+03 9.084491e+03 9.121082e+03
6.5 9.126640e+03 9.100267e+03 9.082843e+03 9.109217e+03
7.5 9.036684e+03 9.043721e+03 9.083689e+03 9.076651e+03
8.5 9.005183e+03 9.013024e+03 9.085163e+03 9.077323e+03
9.5 8.985414e+03 9.033285e+03 9.086262e+03 9.038392e+03
10.5 9.040541e+03 9.091277e+03 9.086874e+03 9.036138e+03
11.5 9.128216e+03 9.140757e+03 9.087166e+03 9.074626e+03
12.5 9.175463e+03 9.164717e+03 9.087295e+03 9.098041e+03
13.5 9.119883e+03 9.140216e+03 9.087347e+03 9.067014e+03
0.5 8.991038e+03 9.007426e+03 9.088608e+03 9.072220e+03
1.5 9.012786e+03 9.026632e+03 9.091059e+03 9.077213e+03
2.5 9.111156e+03 9.088364e+03 9.092070e+03 9.114863e+03
