0.5 8.978999e+03 9.020058e+03 9.060165e+03 9.019106e+03
1.5 9.022911e+03 9.042533e+03 9.089218e+03 9.069596e+03
2.5 9.137441e+03 9.101269e+03 9.150938e+03 9.187110e+03
3.5 9.197195e+03 9.150641e+03 9.207317e+03 9.253871e+03
4.5 9.183102e+03 9.174087e+03 9.242019e+03 9.251034e+03
5.5 9.133375e+03 9.148906e+03 9.230504e+03 9.214974e+03
6.5 9.059739e+03 9.088090e+03 9.176165e+03 9.147813e+03
7.5 8.965186e+03 9.037013e+03 9.122204e+03 9.050377e+03
8.5 8.955989e+03 9.011086e+03 9.086798e+03 9.031700e+03
9.5 9.007929e+03 9.033126e+03 9.067910e+03 9.042713e+03
10.5 9.093397e+03 9.092476e+03 9.058946e+03 9.059868e+03
11.5 9.135618e+03 9.144001e+03 9.054856e+03 9.046474e+03
12.5 9.148962e+03 9.170638e+03 9.053016e+03 9.031339e+03
13.5 9.145914e+03 9.148798e+03 9.052108e+03 9.049224e+03
0.5 8.992124e+03 9.010752e+03 9.051933e+03 9.033305e+03
1.5 9.031544e+03 9.033691e+03 9.081491e+03 9.079344e+03
2.5 9.101713e+03 9.092876e+03 9.143688e+03 9.152524e+03
3.5 9.139105e+03 9.142690e+03 9.200519e+03 9.196935e+03
4.5 9.156119e+03 9.166566e+03 9.235651e+03 9.225204e+03
5.5 9.146714e+03 9.141800e+03 9.224542e+03 9.229456e+03
6.5 9.082103e+03 9.081378e+03 9.170584e+03 9.171308e+03
7.5 9.005658e+03 9.030598e+03 9.116980e+03 9.092039e+03
8.5 8.986171e+03 9.002934e+03 9.081907e+03 9.065143e+03
9.5 9.024451e+03 9.022875e+03 9.063328e+03 9.064903e+03
10.5 9.104415e+03 9.084762e+03 9.054650e+03 9.074303e+03
11.5 9.157761e+03 9.142364e+03 9.050823e+03 9.066220e+03
12.5 9.179408e+03 9.176554e+03 9.049224e+03 9.052078e+03
13.5 9.121215e+03 9.160676e+03 9.048537e+03 9.009077e+03
0.5 8.991679e+03 9.011790e+03 9.047212e+03 9.027101e+03
1.5 9.044034e+03 9.031909e+03 9.077002e+03 9.089127e+03
2.5 9.142496e+03 9.089758e+03 9.139421e+03 9.192159e+03
3.5 9.150503e+03 9.139100e+03 9.196465e+03 9.207868e+03
4.5 9.150461e+03 9.162923e+03 9.231797e+03 9.219334e+03
5.5 9.163634e+03 9.138287e+03 9.220879e+03 9.246226e+03
6.5 9.116924e+03 9.078054e+03 9.167106e+03 9.205976e+03
7.5 9.027310e+03 9.027586e+03 9.113683e+03 9.113407e+03
8.5 9.004711e+03 9.003241e+03 9.079761e+03 9.081231e+03
9.5 9.013587e+03 9.027636e+03 9.091199e+03 9.077150e+03
10.5 9.058578e+03 9.087737e+03 9.145161e+03 9.116001e+03
11.5 9.140476e+03 9.138128e+03 9.198591e+03 9.200939e+03
12.5 9.168163e+03 9.162405e+03 9.232530e+03 9.238289e+03
13.5 9.134393e+03 9.137956e+03 9.221128e+03 9.217564e+03
0.5 9.004711e+03 9.003241e+03 9.079761e+03 9.081231e+03
1.5 9.013587e+03 9.027636e+03 9.091199e+03 9.077150e+03
2.5 9.058578e+03 9.087737e+03 9.145161e+03 9.116001e+03
3.5 9.140476e+03 9.138128e+03 9.198591e+03 9.200939e+03
4.5 9.168163e+03 9.162405e+03 9.232530e+03 9.238289e+03
5.5 9.134393e+03 9.137956e+03 9.221128e+03 9.217564e+03
6.5 9.060773e+03 9.077818e+03 9.167219e+03 9.150174e+03
7.5 9.016984e+03 9.027367e+03 9.113858e+03 9.103476e+03
8.5 8.999766e+03 9.002022e+03 9.079026e+03 9.076770e+03
9.5 9.036058e+03 9.024605e+03 9.060686e+03 9.072139e+03
10.5 9.075423e+03 9.084461e+03 9.052246e+03 9.043209e+03
11.5 9.120584e+03 9.136465e+03 9.048657e+03 9.032776e+03
12.5 9.158531e+03 9.163558e+03 9.047295e+03 9.042268e+03
13.5 9.166967e+03 9.142156e+03 9.046846e+03 9.071656e+03
0.5 8.962942e+03 9.011357e+03 9.049787e+03 9.001371e+03
1.5 9.014439e+03 9.031530e+03 9.079765e+03 9.062674e+03
2.5 9.063487e+03 9.089420e+03 9.142370e+03 9.116436e+03
3.5 9.112795e+03 9.138793e+03 9.199594e+03 9.173596e+03
4.5 9.135056e+03 9.162643e+03 9.235101e+03 9.207514e+03
5.5 9.161532e+03 9.138037e+03 9.224359e+03 9.247854e+03
6.5 9.100632e+03 9.077842e+03 9.170764e+03 9.193554e+03
7.5 9.016530e+03 9.027387e+03 9.117522e+03 9.106665e+03
8.5 9.007684e+03 9.002056e+03 9.082804e+03 9.088431e+03
9.5 9.039338e+03 9.024668e+03 9.064563e+03 9.079233e+03
10.5 9.079505e+03 9.084554e+03 9.056205e+03 9.051156e+03
11.5 9.127320e+03 9.136580e+03 9.052681e+03 9.043421e+03
12.5 9.170886e+03 9.163686e+03 9.051373e+03 9.058572e+03
13.5 9.176772e+03 9.142291e+03 9.050968e+03 9.085448e+03
0.5 9.017892e+03 9.005507e+03 9.052173e+03 9.064557e+03
1.5 9.028916e+03 9.028834e+03 9.082159e+03 9.082242e+03
2.5 9.092670e+03 9.088375e+03 9.144766e+03 9.149060e+03
3.5 9.123178e+03 9.138513e+03 9.201986e+03 9.186652e+03
4.5 9.159956e+03 9.162685e+03 9.237484e+03 9.234754e+03
5.5 9.160050e+03 9.138200e+03 9.226719e+03 9.248570e+03
6.5 9.097207e+03 9.078052e+03 9.173085e+03 9.192241e+03
7.5 9.018203e+03 9.027544e+03 9.119786e+03 9.110445e+03
8.5 9.016560e+03 9.000147e+03 9.084998e+03 9.101411e+03
9.5 9.086171e+03 9.020342e+03 9.066685e+03 9.132514e+03
10.5 9.158875e+03 9.082460e+03 9.058254e+03 9.134670e+03
11.5 9.184263e+03 9.140266e+03 9.054654e+03 9.098652e+03
12.5 9.212306e+03 9.174637e+03 9.053262e+03 9.090930e+03
13.5 9.211146e+03 9.158930e+03 9.052761e+03 9.104976e+03
0.5 9.005183e+03 9.013024e+03 9.047065e+03 9.039224e+03
1.5 8.985414e+03 9.033285e+03 9.076419e+03 9.028549e+03
2.5 9.040541e+03 9.091277e+03 9.138395e+03 9.087660e+03
3.5 9.128216e+03 9.140757e+03 9.194990e+03 9.182449e+03
4.5 9.175463e+03 9.164717e+03 9.229870e+03 9.240615e+03
5.5 9.119883e+03 9.140216e+03 9.218501e+03 9.198168e+03
6.5 9.007020e+03 9.080117e+03 9.164280e+03 9.091184e+03
7.5 9.010460e+03 9.029790e+03 9.110416e+03 9.091086e+03
8.5 9.039077e+03 9.005608e+03 9.076071e+03 9.109539e+03
9.5 9.073370e+03 9.030172e+03 9.087099e+03 9.130298e+03
10.5 9.044743e+03 9.090452e+03 9.140670e+03 9.094961e+03
11.5 9.113402e+03 9.141029e+03 9.193731e+03 9.166104e+03
12.5 9.202252e+03 9.165498e+03 9.227330e+03 9.264084e+03
13.5 9.175410e+03 9.141232e+03 9.215617e+03 9.249796e+03
0.5 9.039077e+03 9.005608e+03 9.076071e+03 9.109539e+03
1.5 9.073370e+03 9.030172e+03 9.087099e+03 9.130298e+03
2.5 9.044743e+03 9.090452e+03 9.140670e+03 9.094961e+03
3.5 9.113402e+03 9.141029e+03 9.193731e+03 9.166104e+03
4.5 9.202252e+03 9.165498e+03 9.227330e+03 9.264084e+03
5.5 9.175410e+03 9.141232e+03 9.215617e+03 9.249796e+03
6.5 9.085734e+03 9.081252e+03 9.161435e+03 9.165917e+03
7.5 9.010724e+03 9.030944e+03 9.107843e+03 9.087623e+03
8.5 9.000018e+03 9.005736e+03 9.072825e+03 9.067108e+03
9.5 9.045208e+03 9.028476e+03 9.054351e+03 9.071083e+03
10.5 9.136989e+03 9.088533e+03 9.045833e+03 9.094290e+03
11.5 9.134000e+03 9.140777e+03 9.042228e+03 9.035450e+03
12.5 9.124073e+03 9.168133e+03 9.040916e+03 8.996855e+03
13.5 9.118196e+03 9.146980e+03 9.040567e+03 9.011783e+03
