0.5 8.977547e+03 9.033420e+03 9.090751e+03 9.034878e+03
1.5 9.031992e+03 9.050531e+03 9.097677e+03 9.079138e+03
2.5 9.105509e+03 9.106995e+03 9.100737e+03 9.099250e+03
3.5 9.147471e+03 9.156844e+03 9.097680e+03 9.088306e+03
4.5 9.164542e+03 9.182412e+03 9.090029e+03 9.072159e+03
5.5 9.176790e+03 9.159793e+03 9.080011e+03 9.097008e+03
6.5 9.130317e+03 9.099497e+03 9.075248e+03 9.106068e+03
7.5 9.015360e+03 9.046860e+03 9.077394e+03 9.045893e+03
8.5 8.978999e+03 9.020058e+03 9.081352e+03 9.040293e+03
9.5 9.022911e+03 9.042533e+03 9.084334e+03 9.064713e+03
10.5 9.137441e+03 9.101269e+03 9.086004e+03 9.122177e+03
11.5 9.197195e+03 9.150641e+03 9.086809e+03 9.133363e+03
12.5 9.183102e+03 9.174087e+03 9.087169e+03 9.096184e+03
13.5 9.133375e+03 9.148906e+03 9.087319e+03 9.071788e+03
0.5 8.955989e+03 9.011086e+03 9.090894e+03 9.035796e+03
1.5 9.007929e+03 9.033126e+03 9.097814e+03 9.072617e+03
2.5 9.093397e+03 9.092476e+03 9.100871e+03 9.101792e+03
3.5 9.135618e+03 9.144001e+03 9.097812e+03 9.089430e+03
4.5 9.148962e+03 9.170638e+03 9.090159e+03 9.068482e+03
5.5 9.145914e+03 9.148798e+03 9.080136e+03 9.077252e+03
6.5 9.084050e+03 9.089146e+03 9.075368e+03 9.070272e+03
7.5 9.022486e+03 9.037060e+03 9.077508e+03 9.062934e+03
8.5 8.992124e+03 9.010752e+03 9.081460e+03 9.062833e+03
9.5 9.031544e+03 9.033691e+03 9.084437e+03 9.082290e+03
10.5 9.101713e+03 9.092876e+03 9.086101e+03 9.094938e+03
11.5 9.139105e+03 9.142690e+03 9.086901e+03 9.083316e+03
12.5 9.156119e+03 9.166566e+03 9.087256e+03 9.076809e+03
13.5 9.146714e+03 9.141800e+03 9.087399e+03 9.092314e+03
0.5 9.039059e+03 9.011965e+03 9.090962e+03 9.118057e+03
1.5 9.058173e+03 9.030145e+03 9.097876e+03 9.125904e+03
2.5 9.121010e+03 9.087642e+03 9.100926e+03 9.134294e+03
3.5 9.148737e+03 9.138507e+03 9.097861e+03 9.108092e+03
4.5 9.159899e+03 9.165067e+03 9.090202e+03 9.085034e+03
5.5 9.133107e+03 9.143406e+03 9.080173e+03 9.069875e+03
6.5 9.070941e+03 9.084017e+03 9.075399e+03 9.062323e+03
7.5 9.006076e+03 9.032121e+03 9.077534e+03 9.051489e+03
8.5 8.972242e+03 9.002977e+03 9.081481e+03 9.050746e+03
9.5 9.015095e+03 9.021919e+03 9.084453e+03 9.077629e+03
10.5 9.083166e+03 9.083323e+03 9.086112e+03 9.085956e+03
11.5 9.165885e+03 9.140761e+03 9.086907e+03 9.112030e+03
12.5 9.157822e+03 9.174947e+03 9.087257e+03 9.070133e+03
13.5 9.161399e+03 9.159136e+03 9.087397e+03 9.089660e+03
0.5 8.999766e+03 9.002022e+03 9.090901e+03 9.088645e+03
1.5 9.036058e+03 9.024605e+03 9.097812e+03 9.109265e+03
2.5 9.075423e+03 9.084461e+03 9.100860e+03 9.091823e+03
3.5 9.120584e+03 9.136465e+03 9.097794e+03 9.081912e+03
4.5 9.158531e+03 9.163558e+03 9.090132e+03 9.085105e+03
5.5 9.166967e+03 9.142156e+03 9.080103e+03 9.104914e+03
6.5 9.102853e+03 9.082927e+03 9.075329e+03 9.095255e+03
7.5 9.028114e+03 9.031138e+03 9.077463e+03 9.074440e+03
8.5 8.998530e+03 9.002078e+03 9.081409e+03 9.077861e+03
9.5 9.067466e+03 9.021096e+03 9.084377e+03 9.130747e+03
10.5 9.102306e+03 9.082562e+03 9.086033e+03 9.105777e+03
11.5 9.109384e+03 9.140052e+03 9.086824e+03 9.056156e+03
12.5 9.142135e+03 9.174281e+03 9.087172e+03 9.055026e+03
13.5 9.179283e+03 9.158515e+03 9.087311e+03 9.108079e+03
0.5 9.007684e+03 9.002056e+03 9.090820e+03 9.096448e+03
1.5 9.039338e+03 9.024668e+03 9.097732e+03 9.112402e+03
2.5 9.079505e+03 9.084554e+03 9.100782e+03 9.095733e+03
3.5 9.127320e+03 9.136580e+03 9.097717e+03 9.088458e+03
4.5 9.170886e+03 9.163686e+03 9.090058e+03 9.097258e+03
5.5 9.176772e+03 9.142291e+03 9.080030e+03 9.114511e+03
6.5 9.118523e+03 9.083072e+03 9.075257e+03 9.110709e+03
7.5 9.043257e+03 9.031408e+03 9.077394e+03 9.089243e+03
8.5 9.017892e+03 9.005507e+03 9.081342e+03 9.093726e+03
9.5 9.028916e+03 9.028834e+03 9.084316e+03 9.084399e+03
10.5 9.092670e+03 9.088375e+03 9.085978e+03 9.090272e+03
11.5 9.123178e+03 9.138513e+03 9.086775e+03 9.071441e+03
12.5 9.159956e+03 9.162685e+03 9.087130e+03 9.084400e+03
13.5 9.160050e+03 9.138200e+03 9.087274e+03 9.109125e+03
0.5 9.030408e+03 9.010751e+03 9.090860e+03 9.110517e+03
1.5 9.050774e+03 9.029104e+03 9.097778e+03 9.119447e+03
2.5 9.098028e+03 9.086757e+03 9.100833e+03 9.112105e+03
3.5 9.130905e+03 9.137753e+03 9.097774e+03 9.090926e+03
4.5 9.146825e+03 9.164428e+03 9.090119e+03 9.072516e+03
5.5 9.151430e+03 9.142874e+03 9.080096e+03 9.088652e+03
6.5 9.087196e+03 9.083598e+03 9.075328e+03 9.078926e+03
7.5 9.040274e+03 9.031893e+03 9.077579e+03 9.085960e+03
8.5 9.031878e+03 9.004958e+03 9.084891e+03 9.111811e+03
9.5 9.047071e+03 9.026450e+03 9.094782e+03 9.115403e+03
10.5 9.102474e+03 9.085744e+03 9.099498e+03 9.116227e+03
11.5 9.150574e+03 9.137510e+03 9.097234e+03 9.110298e+03
12.5 9.164279e+03 9.164526e+03 9.089931e+03 9.089685e+03
13.5 9.167694e+03 9.143119e+03 9.080048e+03 9.104623e+03
0.5 9.031878e+03 9.004958e+03 9.084891e+03 9.111811e+03
1.5 9.047071e+03 9.026450e+03 9.094782e+03 9.115403e+03
2.5 9.102474e+03 9.085744e+03 9.099498e+03 9.116227e+03
3.5 9.150574e+03 9.137510e+03 9.097234e+03 9.110298e+03
4.5 9.164279e+03 9.164526e+03 9.089931e+03 9.089685e+03
5.5 9.167694e+03 9.143119e+03 9.080048e+03 9.104623e+03
6.5 9.113456e+03 9.083914e+03 9.075341e+03 9.104883e+03
7.5 9.025792e+03 9.032171e+03 9.077503e+03 9.071123e+03
8.5 9.012003e+03 9.003174e+03 9.081454e+03 9.090284e+03
9.5 8.995296e+03 9.022263e+03 9.084431e+03 9.057463e+03
10.5 9.015377e+03 9.083807e+03 9.086094e+03 9.017663e+03
11.5 9.102285e+03 9.141375e+03 9.086892e+03 9.047801e+03
12.5 9.195541e+03 9.175681e+03 9.087246e+03 9.107107e+03
13.5 9.196577e+03 9.159985e+03 9.087389e+03 9.123981e+03
0.5 9.000018e+03 9.005736e+03 9.090876e+03 9.085158e+03
1.5 9.045208e+03 9.028476e+03 9.097780e+03 9.114512e+03
2.5 9.136989e+03 9.088533e+03 9.100821e+03 9.149278e+03
3.5 9.134000e+03 9.140777e+03 9.097747e+03 9.090970e+03
4.5 9.124073e+03 9.168133e+03 9.090077e+03 9.046017e+03
5.5 9.118196e+03 9.146980e+03 9.080039e+03 9.051255e+03
6.5 9.096154e+03 9.087955e+03 9.075255e+03 9.083453e+03
7.5 9.041642e+03 9.036334e+03 9.077379e+03 9.082687e+03
8.5 8.991038e+03 9.007426e+03 9.081315e+03 9.064927e+03
9.5 9.012786e+03 9.026632e+03 9.084276e+03 9.070430e+03
10.5 9.111156e+03 9.088364e+03 9.085924e+03 9.108716e+03
