0.5 9.310998e+03 9.355396e+03 9.394328e+03 9.349930e+03
1.5 9.347226e+03 9.371361e+03 9.418768e+03 9.394633e+03
2.5 9.455793e+03 9.419468e+03 9.470688e+03 9.507013e+03
3.5 9.503416e+03 9.460984e+03 9.518116e+03 9.560547e+03
4.5 9.485816e+03 9.481492e+03 9.547308e+03 9.551632e+03
5.5 9.438620e+03 9.461478e+03 9.537621e+03 9.514763e+03
6.5 9.381861e+03 9.410877e+03 9.491909e+03 9.462893e+03
7.5 9.301667e+03 9.367658e+03 9.446516e+03 9.380525e+03
8.5 9.291453e+03 9.346034e+03 9.416732e+03 9.362150e+03
9.5 9.341782e+03 9.369469e+03 9.400843e+03 9.373156e+03
10.5 9.428700e+03 9.428353e+03 9.393302e+03 9.393649e+03
11.5 9.467598e+03 9.479022e+03 9.389862e+03 9.378437e+03
12.5 9.478844e+03 9.505048e+03 9.388313e+03 9.362109e+03
13.5 9.474475e+03 9.483513e+03 9.387550e+03 9.378511e+03
0.5 9.323775e+03 9.347433e+03 9.387403e+03 9.363745e+03
1.5 9.357879e+03 9.363808e+03 9.412268e+03 9.406339e+03
2.5 9.416666e+03 9.412311e+03 9.464589e+03 9.468945e+03
3.5 9.448614e+03 9.454216e+03 9.512397e+03 9.506796e+03
4.5 9.468450e+03 9.475105e+03 9.541951e+03 9.535296e+03
5.5 9.461789e+03 9.455459e+03 9.532606e+03 9.538936e+03
6.5 9.406823e+03 9.405206e+03 9.487215e+03 9.488831e+03
7.5 9.338716e+03 9.362225e+03 9.442122e+03 9.418613e+03
8.5 9.324780e+03 9.338272e+03 9.412617e+03 9.399125e+03
9.5 9.360049e+03 9.357022e+03 9.396988e+03 9.400015e+03
10.5 9.438759e+03 9.414779e+03 9.389688e+03 9.413667e+03
11.5 9.492406e+03 9.469047e+03 9.386469e+03 9.409827e+03
12.5 9.509107e+03 9.501939e+03 9.385124e+03 9.392291e+03
13.5 9.451782e+03 9.488385e+03 9.384546e+03 9.347943e+03
0.5 9.333672e+03 9.348831e+03 9.383431e+03 9.368271e+03
1.5 9.384222e+03 9.362835e+03 9.408491e+03 9.429877e+03
2.5 9.465343e+03 9.410145e+03 9.461000e+03 9.516198e+03
3.5 9.466658e+03 9.451606e+03 9.508986e+03 9.524038e+03
4.5 9.461871e+03 9.472424e+03 9.538708e+03 9.528155e+03
5.5 9.476541e+03 9.452876e+03 9.529525e+03 9.553190e+03
6.5 9.440520e+03 9.402774e+03 9.484289e+03 9.522035e+03
7.5 9.364028e+03 9.360045e+03 9.439348e+03 9.443331e+03
8.5 9.342325e+03 9.338665e+03 9.410812e+03 9.414472e+03
9.5 9.341087e+03 9.357968e+03 9.420434e+03 9.403553e+03
10.5 9.382942e+03 9.407945e+03 9.465828e+03 9.440825e+03
11.5 9.458763e+03 9.450613e+03 9.510775e+03 9.518925e+03
12.5 9.480133e+03 9.471934e+03 9.539326e+03 9.547525e+03
13.5 9.448835e+03 9.452583e+03 9.529733e+03 9.525986e+03
0.5 9.342325e+03 9.338665e+03 9.410812e+03 9.414472e+03
1.5 9.341087e+03 9.357968e+03 9.420434e+03 9.403553e+03
2.5 9.382942e+03 9.407945e+03 9.465828e+03 9.440825e+03
3.5 9.458763e+03 9.450613e+03 9.510775e+03 9.518925e+03
4.5 9.480133e+03 9.471934e+03 9.539326e+03 9.547525e+03
5.5 9.448835e+03 9.452583e+03 9.529733e+03 9.525986e+03
6.5 9.391445e+03 9.402570e+03 9.484384e+03 9.473259e+03
7.5 9.349665e+03 9.359878e+03 9.439496e+03 9.429283e+03
8.5 9.334863e+03 9.338748e+03 9.410194e+03 9.406309e+03
9.5 9.369791e+03 9.362640e+03 9.394766e+03 9.401917e+03
10.5 9.410981e+03 9.421948e+03 9.387666e+03 9.376699e+03
11.5 9.457629e+03 9.473015e+03 9.384647e+03 9.369260e+03
12.5 9.493306e+03 9.499418e+03 9.383501e+03 9.377389e+03
13.5 9.500558e+03 9.478244e+03 9.383123e+03 9.405437e+03
0.5 9.301435e+03 9.348113e+03 9.385597e+03 9.338918e+03
1.5 9.345221e+03 9.362128e+03 9.410816e+03 9.393908e+03
2.5 9.386046e+03 9.409438e+03 9.463480e+03 9.440088e+03
3.5 9.428698e+03 9.450889e+03 9.511618e+03 9.489427e+03
4.5 9.447540e+03 9.471694e+03 9.541488e+03 9.517334e+03
5.5 9.471521e+03 9.452135e+03 9.532451e+03 9.551837e+03
6.5 9.424186e+03 9.402032e+03 9.487367e+03 9.509521e+03
7.5 9.353922e+03 9.359311e+03 9.442577e+03 9.437188e+03
8.5 9.349657e+03 9.338167e+03 9.413372e+03 9.424861e+03
9.5 9.374774e+03 9.362061e+03 9.398027e+03 9.410740e+03
10.5 9.419666e+03 9.421373e+03 9.390996e+03 9.389289e+03
11.5 9.464647e+03 9.472439e+03 9.388032e+03 9.380240e+03
12.5 9.507355e+03 9.498835e+03 9.386931e+03 9.395451e+03
13.5 9.513152e+03 9.477649e+03 9.386590e+03 9.422094e+03
0.5 9.353188e+03 9.342552e+03 9.387604e+03 9.398241e+03
1.5 9.359236e+03 9.359224e+03 9.412830e+03 9.412842e+03
2.5 9.410312e+03 9.407998e+03 9.465496e+03 9.467811e+03
3.5 9.436567e+03 9.450145e+03 9.513631e+03 9.500054e+03
4.5 9.468644e+03 9.471252e+03 9.543493e+03 9.540885e+03
5.5 9.468534e+03 9.451810e+03 9.534437e+03 9.551161e+03
6.5 9.415028e+03 9.401760e+03 9.489319e+03 9.502588e+03
7.5 9.350225e+03 9.358981e+03 9.444482e+03 9.435727e+03
8.5 9.352271e+03 9.335229e+03 9.415218e+03 9.432260e+03
9.5 9.414346e+03 9.354168e+03 9.399813e+03 9.459990e+03
10.5 9.481933e+03 9.412095e+03 9.392720e+03 9.462558e+03
11.5 9.510691e+03 9.466509e+03 9.389692e+03 9.433873e+03
12.5 9.536960e+03 9.499529e+03 9.388520e+03 9.425951e+03
13.5 9.534841e+03 9.486094e+03 9.388099e+03 9.436845e+03
0.5 9.340755e+03 9.349559e+03 9.383307e+03 9.374503e+03
1.5 9.313638e+03 9.363736e+03 9.408001e+03 9.357903e+03
2.5 9.362727e+03 9.411221e+03 9.460137e+03 9.411643e+03
3.5 9.444043e+03 9.452854e+03 9.507746e+03 9.498935e+03
4.5 9.480767e+03 9.473842e+03 9.537088e+03 9.544013e+03
5.5 9.433366e+03 9.454461e+03 9.527524e+03 9.506429e+03
6.5 9.332444e+03 9.404527e+03 9.481912e+03 9.409830e+03
7.5 9.343818e+03 9.361970e+03 9.436600e+03 9.418449e+03
8.5 9.374757e+03 9.340782e+03 9.407708e+03 9.441683e+03
9.5 9.397171e+03 9.360280e+03 9.416985e+03 9.453876e+03
10.5 9.358724e+03 9.410460e+03 9.462050e+03 9.410314e+03
11.5 9.426849e+03 9.453334e+03 9.506687e+03 9.480202e+03
12.5 9.512615e+03 9.474863e+03 9.534951e+03 9.572703e+03
13.5 9.483444e+03 9.455707e+03 9.525098e+03 9.552835e+03
0.5 9.374757e+03 9.340782e+03 9.407708e+03 9.441683e+03
1.5 9.397171e+03 9.360280e+03 9.416985e+03 9.453876e+03
2.5 9.358724e+03 9.410460e+03 9.462050e+03 9.410314e+03
3.5 9.426849e+03 9.453334e+03 9.506687e+03 9.480202e+03
4.5 9.512615e+03 9.474863e+03 9.534951e+03 9.572703e+03
5.5 9.483444e+03 9.455707e+03 9.525098e+03 9.552835e+03
6.5 9.410339e+03 9.405863e+03 9.479519e+03 9.483994e+03
7.5 9.348249e+03 9.363319e+03 9.434436e+03 9.419365e+03
8.5 9.337020e+03 9.342326e+03 9.404978e+03 9.399672e+03
9.5 9.385225e+03 9.366367e+03 9.389437e+03 9.408295e+03
10.5 9.475672e+03 9.425858e+03 9.382271e+03 9.432085e+03
11.5 9.477273e+03 9.477137e+03 9.379238e+03 9.379374e+03
12.5 9.464663e+03 9.503767e+03 9.378134e+03 9.339031e+03
13.5 9.458243e+03 9.482801e+03 9.377841e+03 9.353284e+03
