0.5 1.004807e+04 1.015585e+04 1.019625e+04 1.008847e+04
1.5 1.020646e+04 1.023764e+04 1.026725e+04 1.023607e+04
2.5 1.041671e+04 1.039273e+04 1.041758e+04 1.044156e+04
3.5 1.047616e+04 1.050596e+04 1.055492e+04 1.052512e+04
4.5 1.053792e+04 1.054248e+04 1.063958e+04 1.063502e+04
5.5 1.049971e+04 1.045390e+04 1.061200e+04 1.065781e+04
6.5 1.024747e+04 1.029296e+04 1.048042e+04 1.043492e+04
7.5 1.008759e+04 1.017459e+04 1.034977e+04 1.026277e+04
8.5 1.006516e+04 1.012436e+04 1.026422e+04 1.020502e+04
9.5 1.020696e+04 1.017136e+04 1.021880e+04 1.025440e+04
10.5 1.037424e+04 1.027991e+04 1.019752e+04 1.029185e+04
11.5 1.043792e+04 1.036555e+04 1.018809e+04 1.026045e+04
12.5 1.034779e+04 1.040041e+04 1.018414e+04 1.013153e+04
13.5 1.036414e+04 1.034642e+04 1.018249e+04 1.020021e+04
0.5 1.000044e+04 1.011819e+04 1.018389e+04 1.006614e+04
1.5 1.017180e+04 1.020775e+04 1.025637e+04 1.022042e+04
2.5 1.037845e+04 1.036694e+04 1.040815e+04 1.041965e+04
3.5 1.043380e+04 1.048263e+04 1.054691e+04 1.049808e+04
4.5 1.051962e+04 1.052087e+04 1.063299e+04 1.063174e+04
5.5 1.042289e+04 1.043369e+04 1.060678e+04 1.059597e+04
6.5 1.020384e+04 1.027398e+04 1.047652e+04 1.040639e+04
7.5 1.006925e+04 1.015668e+04 1.034714e+04 1.025970e+04
8.5 1.004932e+04 1.010747e+04 1.026278e+04 1.020464e+04
9.5 1.015548e+04 1.015544e+04 1.021851e+04 1.021855e+04
10.5 1.029750e+04 1.026492e+04 1.019830e+04 1.023088e+04
11.5 1.026280e+04 1.035149e+04 1.018989e+04 1.010120e+04
12.5 1.035849e+04 1.038724e+04 1.018691e+04 1.015817e+04
13.5 1.035159e+04 1.033411e+04 1.018616e+04 1.020364e+04
0.5 1.009327e+04 1.011737e+04 1.019518e+04 1.017108e+04
1.5 1.023100e+04 1.020134e+04 1.026837e+04 1.029804e+04
2.5 1.039155e+04 1.035856e+04 1.042079e+04 1.045378e+04
3.5 1.045208e+04 1.047389e+04 1.056014e+04 1.053833e+04
4.5 1.049574e+04 1.051246e+04 1.064673e+04 1.063000e+04
5.5 1.045150e+04 1.042585e+04 1.062096e+04 1.064661e+04
6.5 1.031156e+04 1.026677e+04 1.049109e+04 1.053588e+04
7.5 1.010816e+04 1.015018e+04 1.036203e+04 1.032001e+04
8.5 1.003901e+04 1.010421e+04 1.027794e+04 1.021274e+04
9.5 1.018273e+04 1.017094e+04 1.023388e+04 1.024567e+04
10.5 1.026659e+04 1.031150e+04 1.021383e+04 1.016892e+04
11.5 1.035913e+04 1.042260e+04 1.020553e+04 1.014206e+04
12.5 1.041011e+04 1.046989e+04 1.020261e+04 1.014282e+04
13.5 1.045581e+04 1.040558e+04 1.020187e+04 1.025210e+04
0.5 1.019325e+04 1.010533e+04 1.020945e+04 1.029737e+04
1.5 1.025571e+04 1.019584e+04 1.028199e+04 1.034186e+04
2.5 1.037207e+04 1.035591e+04 1.043373e+04 1.044989e+04
3.5 1.046169e+04 1.047241e+04 1.057236e+04 1.056164e+04
4.5 1.048576e+04 1.051141e+04 1.065822e+04 1.063257e+04
5.5 1.048613e+04 1.042496e+04 1.063171e+04 1.069287e+04
6.5 1.023442e+04 1.026594e+04 1.050109e+04 1.046957e+04
7.5 1.019668e+04 1.014936e+04 1.037129e+04 1.041861e+04
8.5 1.013391e+04 1.010341e+04 1.028644e+04 1.031695e+04
9.5 1.029078e+04 1.017012e+04 1.024159e+04 1.036225e+04
10.5 1.035257e+04 1.031063e+04 1.022071e+04 1.026266e+04
11.5 1.034593e+04 1.042164e+04 1.021154e+04 1.013583e+04
12.5 1.047570e+04 1.046883e+04 1.020771e+04 1.021458e+04
13.5 1.051696e+04 1.040442e+04 1.020605e+04 1.031860e+04
0.5 1.008194e+04 1.010238e+04 1.019643e+04 1.017599e+04
1.5 1.022340e+04 1.019281e+04 1.026808e+04 1.029867e+04
2.5 1.036382e+04 1.035281e+04 1.041894e+04 1.042996e+04
3.5 1.041560e+04 1.046922e+04 1.055673e+04 1.050311e+04
4.5 1.053931e+04 1.050812e+04 1.064176e+04 1.067295e+04
5.5 1.050706e+04 1.042156e+04 1.061444e+04 1.069994e+04
6.5 1.029118e+04 1.026244e+04 1.048302e+04 1.051176e+04
7.5 1.008457e+04 1.014571e+04 1.035243e+04 1.029129e+04
8.5 1.015821e+04 1.009703e+04 1.026683e+04 1.032801e+04
9.5 1.015110e+04 1.014549e+04 1.022126e+04 1.022688e+04
10.5 1.026560e+04 1.025540e+04 1.019974e+04 1.020994e+04
11.5 1.026066e+04 1.034232e+04 1.018999e+04 1.010833e+04
12.5 1.036249e+04 1.037838e+04 1.018565e+04 1.016975e+04
13.5 1.035493e+04 1.032555e+04 1.018353e+04 1.021291e+04
0.5 1.013354e+04 1.011116e+04 1.017874e+04 1.020113e+04
1.5 1.021476e+04 1.019530e+04 1.025084e+04 1.027029e+04
2.5 1.035565e+04 1.035268e+04 1.040221e+04 1.040519e+04
3.5 1.044337e+04 1.046813e+04 1.054056e+04 1.051580e+04
4.5 1.053414e+04 1.050680e+04 1.062621e+04 1.065355e+04
5.5 1.049602e+04 1.042030e+04 1.059956e+04 1.067528e+04
6.5 1.025590e+04 1.026135e+04 1.046886e+04 1.046341e+04
7.5 1.013397e+04 1.014516e+04 1.033905e+04 1.032785e+04
8.5 1.013005e+04 1.010627e+04 1.025664e+04 1.028042e+04
9.5 1.019636e+04 1.019283e+04 1.028443e+04 1.028796e+04
10.5 1.032090e+04 1.035196e+04 1.041552e+04 1.038447e+04
11.5 1.042786e+04 1.046842e+04 1.054536e+04 1.050479e+04
12.5 1.044180e+04 1.050766e+04 1.062788e+04 1.056202e+04
13.5 1.052330e+04 1.042149e+04 1.060030e+04 1.070211e+04
0.5 1.013005e+04 1.010627e+04 1.025664e+04 1.028042e+04
1.5 1.019636e+04 1.019283e+04 1.028443e+04 1.028796e+04
2.5 1.032090e+04 1.035196e+04 1.041552e+04 1.038447e+04
3.5 1.042786e+04 1.046842e+04 1.054536e+04 1.050479e+04
4.5 1.044180e+04 1.050766e+04 1.062788e+04 1.056202e+04
5.5 1.052330e+04 1.042149e+04 1.060030e+04 1.070211e+04
6.5 1.028215e+04 1.026278e+04 1.046950e+04 1.048887e+04
7.5 1.006172e+04 1.014656e+04 1.034006e+04 1.025523e+04
8.5 1.011298e+04 1.010095e+04 1.025564e+04 1.026767e+04
9.5 1.011701e+04 1.016805e+04 1.021129e+04 1.016025e+04
10.5 1.021127e+04 1.030897e+04 1.019100e+04 1.009330e+04
11.5 1.031887e+04 1.042041e+04 1.018249e+04 1.008095e+04
12.5 1.044311e+04 1.046805e+04 1.017941e+04 1.015448e+04
13.5 1.040842e+04 1.040408e+04 1.017854e+04 1.018288e+04
0.5 1.011438e+04 1.011175e+04 1.018586e+04 1.018849e+04
1.5 1.023535e+04 1.020256e+04 1.025806e+04 1.029085e+04
2.5 1.044405e+04 1.036300e+04 1.040939e+04 1.049043e+04
3.5 1.045063e+04 1.047992e+04 1.054754e+04 1.051825e+04
4.5 1.042167e+04 1.051934e+04 1.063282e+04 1.053515e+04
5.5 1.043130e+04 1.043324e+04 1.060565e+04 1.060372e+04
6.5 1.030832e+04 1.027443e+04 1.047425e+04 1.050814e+04
7.5 1.014170e+04 1.015797e+04 1.034356e+04 1.032729e+04
8.5 1.011470e+04 1.011208e+04 1.025772e+04 1.026034e+04
9.5 1.012831e+04 1.017889e+04 1.021178e+04 1.016120e+04
10.5 1.037700e+04 1.031960e+04 1.018973e+04 1.024712e+04
