0.5 8.964328e+03 8.953564e+03 8.925594e+03 8.936359e+03
1.5 8.909605e+03 8.936336e+03 8.923749e+03 8.897018e+03
2.5 8.853729e+03 8.903433e+03 8.922989e+03 8.873285e+03
3.5 8.861460e+03 8.874955e+03 8.923885e+03 8.910390e+03
4.5 8.806396e+03 8.858865e+03 8.926009e+03 8.873540e+03
5.5 8.820811e+03 8.867137e+03 8.928728e+03 8.882402e+03
6.5 8.880581e+03 8.895956e+03 8.929972e+03 8.914597e+03
7.5 8.939747e+03 8.922682e+03 8.929339e+03 8.946404e+03
8.5 8.929248e+03 8.938179e+03 8.928232e+03 8.919301e+03
9.5 8.899983e+03 8.936171e+03 8.927407e+03 8.891219e+03
10.5 8.895780e+03 8.921245e+03 8.926950e+03 8.901485e+03
11.5 8.878421e+03 8.907423e+03 8.926733e+03 8.897731e+03
12.5 8.889658e+03 8.900170e+03 8.926639e+03 8.916126e+03
13.5 8.882985e+03 8.906471e+03 8.926603e+03 8.903116e+03
0.5 9.001856e+03 8.956829e+03 8.925674e+03 8.970701e+03
1.5 8.958672e+03 8.938694e+03 8.923825e+03 8.943803e+03
2.5 8.894603e+03 8.905250e+03 8.923061e+03 8.912414e+03
3.5 8.869453e+03 8.876551e+03 8.923954e+03 8.916856e+03
4.5 8.854190e+03 8.860414e+03 8.926073e+03 8.919849e+03
5.5 8.867829e+03 8.868732e+03 8.928788e+03 8.927886e+03
6.5 8.926273e+03 8.897632e+03 8.930029e+03 8.958670e+03
7.5 9.004376e+03 8.924459e+03 8.929391e+03 9.009308e+03
8.5 9.011524e+03 8.940072e+03 8.928280e+03 8.999732e+03
9.5 8.967665e+03 8.938173e+03 8.927452e+03 8.956944e+03
10.5 8.896870e+03 8.923343e+03 8.926991e+03 8.900518e+03
11.5 8.892550e+03 8.909602e+03 8.926770e+03 8.909717e+03
12.5 8.865871e+03 8.902416e+03 8.926672e+03 8.890126e+03
13.5 8.872338e+03 8.908773e+03 8.926632e+03 8.890197e+03
0.5 8.918254e+03 8.947867e+03 8.925666e+03 8.896053e+03
1.5 8.902131e+03 8.935131e+03 8.923817e+03 8.890816e+03
2.5 8.920320e+03 8.904266e+03 8.923052e+03 8.939105e+03
3.5 8.910180e+03 8.876686e+03 8.923944e+03 8.957438e+03
4.5 8.876424e+03 8.860981e+03 8.926063e+03 8.941506e+03
5.5 8.866330e+03 8.869440e+03 8.928778e+03 8.925668e+03
6.5 8.868572e+03 8.898371e+03 8.930019e+03 8.900219e+03
7.5 8.912370e+03 8.925134e+03 8.929381e+03 8.916617e+03
8.5 8.944131e+03 8.939769e+03 8.928270e+03 8.932632e+03
9.5 8.945080e+03 8.942530e+03 8.927442e+03 8.929992e+03
10.5 8.969749e+03 8.941500e+03 8.926981e+03 8.955230e+03
11.5 8.943557e+03 8.942430e+03 8.926760e+03 8.927887e+03
12.5 8.918588e+03 8.946354e+03 8.926662e+03 8.898896e+03
13.5 8.948924e+03 8.953628e+03 8.926623e+03 8.921919e+03
0.5 8.933271e+03 8.948971e+03 8.925649e+03 8.909950e+03
1.5 8.934086e+03 8.936215e+03 8.923800e+03 8.921670e+03
2.5 8.885965e+03 8.905333e+03 8.923035e+03 8.903667e+03
3.5 8.861122e+03 8.877740e+03 8.923928e+03 8.907310e+03
4.5 8.820679e+03 8.862027e+03 8.926047e+03 8.884699e+03
5.5 8.844915e+03 8.870479e+03 8.928762e+03 8.903199e+03
6.5 8.899360e+03 8.899403e+03 8.930003e+03 8.929959e+03
7.5 8.918832e+03 8.926197e+03 8.929335e+03 8.921970e+03
8.5 8.919932e+03 8.941620e+03 8.927312e+03 8.905624e+03
9.5 8.912295e+03 8.933084e+03 8.924635e+03 8.903845e+03
10.5 8.874957e+03 8.904151e+03 8.923410e+03 8.894215e+03
11.5 8.841724e+03 8.877390e+03 8.924082e+03 8.888416e+03
12.5 8.821186e+03 8.861994e+03 8.926104e+03 8.885296e+03
13.5 8.848446e+03 8.870551e+03 8.928780e+03 8.906675e+03
0.5 8.919932e+03 8.941620e+03 8.927312e+03 8.905624e+03
1.5 8.912295e+03 8.933084e+03 8.924635e+03 8.903845e+03
2.5 8.874957e+03 8.904151e+03 8.923410e+03 8.894215e+03
3.5 8.841724e+03 8.877390e+03 8.924082e+03 8.888416e+03
4.5 8.821186e+03 8.861994e+03 8.926104e+03 8.885296e+03
5.5 8.848446e+03 8.870551e+03 8.928780e+03 8.906675e+03
6.5 8.870424e+03 8.899498e+03 8.930004e+03 8.900930e+03
7.5 8.934122e+03 8.926228e+03 8.929360e+03 8.937255e+03
8.5 8.922356e+03 8.940828e+03 8.928250e+03 8.909778e+03
9.5 8.909710e+03 8.943555e+03 8.927421e+03 8.893576e+03
10.5 8.892701e+03 8.942493e+03 8.926961e+03 8.877169e+03
11.5 8.888017e+03 8.943392e+03 8.926740e+03 8.871365e+03
12.5 8.864210e+03 8.947285e+03 8.926642e+03 8.843568e+03
13.5 8.898462e+03 8.954525e+03 8.926603e+03 8.870540e+03
0.5 8.944474e+03 8.958919e+03 8.925642e+03 8.911197e+03
1.5 8.961864e+03 8.940676e+03 8.923793e+03 8.944981e+03
2.5 8.937512e+03 8.907127e+03 8.923029e+03 8.953414e+03
3.5 8.892544e+03 8.878326e+03 8.923923e+03 8.938141e+03
4.5 8.881697e+03 8.862090e+03 8.926043e+03 8.945650e+03
5.5 8.875885e+03 8.870305e+03 8.928758e+03 8.934339e+03
6.5 8.906804e+03 8.899098e+03 8.929999e+03 8.937706e+03
7.5 8.940488e+03 8.925813e+03 8.929362e+03 8.944038e+03
8.5 8.930266e+03 8.941310e+03 8.928252e+03 8.917208e+03
9.5 8.939632e+03 8.939298e+03 8.927425e+03 8.927760e+03
10.5 8.922945e+03 8.924357e+03 8.926965e+03 8.925553e+03
11.5 8.909650e+03 8.910509e+03 8.926746e+03 8.925887e+03
12.5 8.941162e+03 8.903215e+03 8.926648e+03 8.964596e+03
13.5 8.948855e+03 8.909460e+03 8.926610e+03 8.966004e+03
0.5 8.918456e+03 8.947153e+03 8.925642e+03 8.896945e+03
1.5 8.879251e+03 8.934204e+03 8.923793e+03 8.868840e+03
2.5 8.851825e+03 8.903120e+03 8.923029e+03 8.871734e+03
3.5 8.863273e+03 8.875318e+03 8.923922e+03 8.911876e+03
4.5 8.888379e+03 8.859390e+03 8.926041e+03 8.955030e+03
5.5 8.855204e+03 8.867622e+03 8.928756e+03 8.916338e+03
6.5 8.873736e+03 8.896321e+03 8.929998e+03 8.907413e+03
7.5 8.893709e+03 8.922845e+03 8.929361e+03 8.900225e+03
8.5 8.902388e+03 8.937234e+03 8.928250e+03 8.893404e+03
9.5 8.850807e+03 8.939745e+03 8.927422e+03 8.838484e+03
10.5 8.853903e+03 8.938462e+03 8.926962e+03 8.842402e+03
11.5 8.896385e+03 8.939138e+03 8.926741e+03 8.883988e+03
12.5 8.923834e+03 8.942808e+03 8.926644e+03 8.907670e+03
13.5 8.924115e+03 8.949827e+03 8.926605e+03 8.900893e+03
0.5 8.942667e+03 8.941645e+03 8.925655e+03 8.926677e+03
1.5 8.923410e+03 8.928851e+03 8.923809e+03 8.918368e+03
2.5 8.921509e+03 8.897950e+03 8.923047e+03 8.946606e+03
