0.5 8.956163e+03 9.032500e+03 9.168836e+03 9.092499e+03
1.5 9.004577e+03 9.064636e+03 9.178113e+03 9.118054e+03
2.5 9.249008e+03 9.201496e+03 9.182211e+03 9.229723e+03
3.5 9.293530e+03 9.329727e+03 9.178117e+03 9.141920e+03
4.5 9.375558e+03 9.402728e+03 9.167868e+03 9.140698e+03
5.5 9.427827e+03 9.357559e+03 9.154448e+03 9.224717e+03
6.5 9.241080e+03 9.211569e+03 9.148069e+03 9.177580e+03
7.5 9.049936e+03 9.076528e+03 9.150943e+03 9.124351e+03
8.5 8.925897e+03 8.997564e+03 9.156245e+03 9.084578e+03
9.5 8.986862e+03 9.033994e+03 9.160240e+03 9.113109e+03
10.5 9.243270e+03 9.168448e+03 9.162477e+03 9.237298e+03
11.5 9.311934e+03 9.293386e+03 9.163555e+03 9.182102e+03
12.5 9.372809e+03 9.364859e+03 9.164038e+03 9.171988e+03
13.5 9.273684e+03 9.322918e+03 9.164238e+03 9.115003e+03
0.5 8.925393e+03 8.981065e+03 9.169027e+03 9.113354e+03
1.5 8.987654e+03 9.023742e+03 9.178296e+03 9.142209e+03
2.5 9.175972e+03 9.166654e+03 9.182391e+03 9.191708e+03
3.5 9.281520e+03 9.298465e+03 9.178294e+03 9.161349e+03
4.5 9.359451e+03 9.373836e+03 9.168042e+03 9.153657e+03
5.5 9.262637e+03 9.330474e+03 9.154616e+03 9.086779e+03
6.5 9.151818e+03 9.186017e+03 9.148229e+03 9.114030e+03
7.5 9.007798e+03 9.052307e+03 9.151096e+03 9.106587e+03
8.5 8.984510e+03 8.974556e+03 9.156390e+03 9.166344e+03
9.5 8.968713e+03 9.012128e+03 9.160378e+03 9.116963e+03
10.5 9.161421e+03 9.147683e+03 9.162607e+03 9.176345e+03
11.5 9.248298e+03 9.273702e+03 9.163678e+03 9.138274e+03
12.5 9.345238e+03 9.346232e+03 9.164153e+03 9.163160e+03
13.5 9.277574e+03 9.305315e+03 9.164346e+03 9.136606e+03
0.5 8.930156e+03 8.979535e+03 9.169118e+03 9.119739e+03
1.5 9.038974e+03 9.014302e+03 9.178379e+03 9.203050e+03
2.5 9.209796e+03 9.153701e+03 9.182465e+03 9.238560e+03
3.5 9.362865e+03 9.284424e+03 9.178360e+03 9.256801e+03
4.5 9.350838e+03 9.359865e+03 9.168099e+03 9.159073e+03
5.5 9.355608e+03 9.317057e+03 9.154666e+03 9.193217e+03
6.5 9.216300e+03 9.173309e+03 9.148271e+03 9.191263e+03
7.5 9.027232e+03 9.040214e+03 9.151131e+03 9.138149e+03
8.5 8.904562e+03 8.959169e+03 9.156418e+03 9.101811e+03
9.5 8.958543e+03 8.996892e+03 9.160399e+03 9.122050e+03
10.5 9.139221e+03 9.146598e+03 9.162622e+03 9.155244e+03
11.5 9.326222e+03 9.293072e+03 9.163686e+03 9.196836e+03
12.5 9.335818e+03 9.385864e+03 9.164156e+03 9.114110e+03
13.5 9.398172e+03 9.355327e+03 9.164342e+03 9.207187e+03
0.5 9.058826e+03 8.958608e+03 9.169037e+03 9.269255e+03
1.5 9.038636e+03 9.002622e+03 9.178294e+03 9.214308e+03
2.5 9.177837e+03 9.146782e+03 9.182377e+03 9.213432e+03
3.5 9.249176e+03 9.279770e+03 9.178269e+03 9.147675e+03
4.5 9.330151e+03 9.356261e+03 9.168006e+03 9.141897e+03
5.5 9.286138e+03 9.313976e+03 9.154572e+03 9.126734e+03
6.5 9.134279e+03 9.170558e+03 9.148178e+03 9.111899e+03
7.5 9.020921e+03 9.037695e+03 9.151036e+03 9.134262e+03
8.5 8.927752e+03 8.956851e+03 9.156321e+03 9.127222e+03
9.5 9.081738e+03 8.994754e+03 9.160297e+03 9.247282e+03
10.5 9.173666e+03 9.144606e+03 9.162515e+03 9.191575e+03
11.5 9.236755e+03 9.291195e+03 9.163575e+03 9.109135e+03
12.5 9.299026e+03 9.384082e+03 9.164042e+03 9.078986e+03
13.5 9.412836e+03 9.353639e+03 9.164227e+03 9.223424e+03
0.5 8.930543e+03 8.958387e+03 9.168928e+03 9.141085e+03
1.5 9.029175e+03 9.002469e+03 9.178186e+03 9.204892e+03
2.5 9.150541e+03 9.146701e+03 9.182272e+03 9.186112e+03
3.5 9.189959e+03 9.279744e+03 9.178167e+03 9.088382e+03
4.5 9.306044e+03 9.356268e+03 9.167907e+03 9.117683e+03
5.5 9.358557e+03 9.314000e+03 9.154475e+03 9.199031e+03
6.5 9.203193e+03 9.170604e+03 9.148081e+03 9.180671e+03
7.5 9.011154e+03 9.037925e+03 9.150943e+03 9.124172e+03
8.5 9.001666e+03 8.961175e+03 9.156232e+03 9.196723e+03
9.5 9.004471e+03 8.999697e+03 9.160216e+03 9.164990e+03
10.5 9.163791e+03 9.136129e+03 9.162442e+03 9.190104e+03
11.5 9.225406e+03 9.262944e+03 9.163510e+03 9.125972e+03
12.5 9.332182e+03 9.336202e+03 9.163984e+03 9.159964e+03
13.5 9.337517e+03 9.295970e+03 9.164178e+03 9.205725e+03
0.5 8.973356e+03 8.976068e+03 9.168981e+03 9.166270e+03
1.5 9.034451e+03 9.011267e+03 9.178248e+03 9.201432e+03
2.5 9.183094e+03 9.151056e+03 9.182341e+03 9.214378e+03
3.5 9.263439e+03 9.282117e+03 9.178243e+03 9.159565e+03
4.5 9.322605e+03 9.357852e+03 9.167989e+03 9.132743e+03
5.5 9.390869e+03 9.315319e+03 9.154563e+03 9.230113e+03
6.5 9.221655e+03 9.171856e+03 9.148176e+03 9.197976e+03
7.5 9.038341e+03 9.039223e+03 9.151191e+03 9.150309e+03
8.5 8.969329e+03 8.962944e+03 9.160985e+03 9.167371e+03
9.5 9.037914e+03 9.005387e+03 9.174235e+03 9.206762e+03
10.5 9.198090e+03 9.148946e+03 9.180551e+03 9.229696e+03
11.5 9.292216e+03 9.281778e+03 9.177519e+03 9.187956e+03
12.5 9.353513e+03 9.358307e+03 9.167737e+03 9.162943e+03
13.5 9.369616e+03 9.316128e+03 9.154499e+03 9.207987e+03
0.5 8.969329e+03 8.962944e+03 9.160985e+03 9.167371e+03
1.5 9.037914e+03 9.005387e+03 9.174235e+03 9.206762e+03
2.5 9.198090e+03 9.148946e+03 9.180551e+03 9.229696e+03
3.5 9.292216e+03 9.281778e+03 9.177519e+03 9.187956e+03
4.5 9.353513e+03 9.358307e+03 9.167737e+03 9.162943e+03
5.5 9.369616e+03 9.316128e+03 9.154499e+03 9.207987e+03
6.5 9.284035e+03 9.172848e+03 9.148194e+03 9.259381e+03
7.5 9.064684e+03 9.040158e+03 9.151089e+03 9.175615e+03
8.5 8.932193e+03 8.959507e+03 9.156382e+03 9.129068e+03
9.5 8.985791e+03 8.997632e+03 9.160369e+03 9.148528e+03
10.5 9.028733e+03 9.147726e+03 9.162597e+03 9.043605e+03
11.5 9.217850e+03 9.294559e+03 9.163666e+03 9.086957e+03
12.5 9.377669e+03 9.387689e+03 9.164141e+03 9.154121e+03
13.5 9.373856e+03 9.357479e+03 9.164332e+03 9.180709e+03
0.5 8.960470e+03 8.968508e+03 9.169002e+03 9.160964e+03
1.5 8.978152e+03 9.012910e+03 9.178251e+03 9.143493e+03
2.5 9.251471e+03 9.157560e+03 9.182325e+03 9.276235e+03
3.5 9.311635e+03 9.291133e+03 9.178207e+03 9.198709e+03
4.5 9.249005e+03 9.368268e+03 9.167933e+03 9.048670e+03
5.5 9.255389e+03 9.326598e+03 9.154486e+03 9.083277e+03
6.5 9.198938e+03 9.183686e+03 9.148078e+03 9.163329e+03
7.5 9.063809e+03 9.051228e+03 9.150923e+03 9.163503e+03
8.5 9.025988e+03 8.970731e+03 9.156195e+03 9.211453e+03
9.5 8.974497e+03 9.009040e+03 9.160162e+03 9.125618e+03
10.5 9.214389e+03 9.159472e+03 9.162369e+03 9.217286e+03
