0.5 1.075887e+04 1.081561e+04 1.078142e+04 1.072468e+04
1.5 1.077118e+04 1.078647e+04 1.077139e+04 1.075610e+04
2.5 1.079874e+04 1.075591e+04 1.075006e+04 1.079289e+04
3.5 1.081226e+04 1.074644e+04 1.073058e+04 1.079640e+04
4.5 1.082063e+04 1.075925e+04 1.071859e+04 1.077997e+04
5.5 1.074429e+04 1.079575e+04 1.072257e+04 1.067110e+04
6.5 1.080250e+04 1.082997e+04 1.074134e+04 1.071387e+04
7.5 1.074973e+04 1.084127e+04 1.075999e+04 1.066845e+04
8.5 1.065213e+04 1.082954e+04 1.077222e+04 1.059481e+04
9.5 1.065979e+04 1.078437e+04 1.077875e+04 1.065417e+04
10.5 1.073334e+04 1.072973e+04 1.078185e+04 1.078546e+04
11.5 1.067427e+04 1.069900e+04 1.078326e+04 1.075852e+04
12.5 1.067530e+04 1.069819e+04 1.078389e+04 1.076100e+04
13.5 1.063152e+04 1.073687e+04 1.078421e+04 1.067887e+04
0.5 1.078511e+04 1.081885e+04 1.078427e+04 1.075053e+04
1.5 1.073443e+04 1.078957e+04 1.077406e+04 1.071892e+04
2.5 1.079477e+04 1.075887e+04 1.075256e+04 1.078846e+04
3.5 1.075887e+04 1.074927e+04 1.073293e+04 1.074253e+04
4.5 1.075799e+04 1.076193e+04 1.072079e+04 1.071684e+04
5.5 1.085368e+04 1.079829e+04 1.072463e+04 1.078002e+04
6.5 1.088294e+04 1.083239e+04 1.074327e+04 1.079382e+04
7.5 1.083979e+04 1.084367e+04 1.076179e+04 1.075792e+04
8.5 1.078224e+04 1.083468e+04 1.077391e+04 1.072146e+04
9.5 1.083009e+04 1.079429e+04 1.078033e+04 1.081613e+04
10.5 1.074020e+04 1.073991e+04 1.078333e+04 1.078362e+04
11.5 1.074278e+04 1.070436e+04 1.078465e+04 1.082307e+04
12.5 1.071449e+04 1.069555e+04 1.078520e+04 1.080414e+04
13.5 1.068607e+04 1.072587e+04 1.078544e+04 1.074564e+04
0.5 1.084340e+04 1.081406e+04 1.078590e+04 1.081524e+04
1.5 1.084884e+04 1.078789e+04 1.077561e+04 1.083656e+04
2.5 1.080331e+04 1.075882e+04 1.075404e+04 1.079853e+04
3.5 1.081271e+04 1.074992e+04 1.073433e+04 1.079713e+04
4.5 1.072596e+04 1.076283e+04 1.072212e+04 1.068525e+04
5.5 1.077407e+04 1.079923e+04 1.072589e+04 1.070073e+04
6.5 1.089218e+04 1.083330e+04 1.074447e+04 1.080335e+04
7.5 1.091926e+04 1.084442e+04 1.076293e+04 1.083777e+04
8.5 1.085393e+04 1.083243e+04 1.077465e+04 1.079616e+04
9.5 1.074895e+04 1.079641e+04 1.077070e+04 1.072324e+04
10.5 1.072649e+04 1.076251e+04 1.075206e+04 1.071604e+04
11.5 1.072366e+04 1.075145e+04 1.073359e+04 1.070580e+04
12.5 1.077380e+04 1.076349e+04 1.072187e+04 1.073217e+04
13.5 1.078070e+04 1.079956e+04 1.072581e+04 1.070694e+04
0.5 1.085393e+04 1.083243e+04 1.077465e+04 1.079616e+04
1.5 1.074895e+04 1.079641e+04 1.077070e+04 1.072324e+04
2.5 1.072649e+04 1.076251e+04 1.075206e+04 1.071604e+04
3.5 1.072366e+04 1.075145e+04 1.073359e+04 1.070580e+04
4.5 1.077380e+04 1.076349e+04 1.072187e+04 1.073217e+04
5.5 1.078070e+04 1.079956e+04 1.072581e+04 1.070694e+04
6.5 1.078130e+04 1.083349e+04 1.074443e+04 1.069224e+04
7.5 1.080755e+04 1.084460e+04 1.076287e+04 1.072582e+04
8.5 1.076697e+04 1.083268e+04 1.077491e+04 1.070920e+04
9.5 1.081758e+04 1.078735e+04 1.078124e+04 1.081147e+04
10.5 1.074238e+04 1.073256e+04 1.078416e+04 1.079398e+04
11.5 1.072570e+04 1.070170e+04 1.078540e+04 1.080940e+04
12.5 1.074166e+04 1.070075e+04 1.078587e+04 1.082678e+04
13.5 1.072711e+04 1.073930e+04 1.078603e+04 1.077384e+04
0.5 1.079877e+04 1.081520e+04 1.078501e+04 1.076858e+04
1.5 1.085946e+04 1.078907e+04 1.077465e+04 1.084504e+04
2.5 1.075725e+04 1.076004e+04 1.075302e+04 1.075023e+04
3.5 1.068587e+04 1.075119e+04 1.073325e+04 1.066793e+04
4.5 1.071069e+04 1.076415e+04 1.072098e+04 1.066752e+04
5.5 1.074003e+04 1.080059e+04 1.072469e+04 1.066413e+04
6.5 1.092584e+04 1.083469e+04 1.074321e+04 1.083436e+04
7.5 1.093061e+04 1.084584e+04 1.076161e+04 1.084637e+04
8.5 1.083929e+04 1.083395e+04 1.077360e+04 1.077894e+04
9.5 1.083056e+04 1.078864e+04 1.077990e+04 1.082183e+04
10.5 1.074710e+04 1.073386e+04 1.078279e+04 1.079603e+04
11.5 1.064347e+04 1.070301e+04 1.078401e+04 1.072447e+04
12.5 1.069347e+04 1.070208e+04 1.078446e+04 1.077585e+04
13.5 1.073288e+04 1.074064e+04 1.078460e+04 1.077684e+04
0.5 1.080122e+04 1.082227e+04 1.078419e+04 1.076314e+04
1.5 1.072695e+04 1.079289e+04 1.077382e+04 1.070788e+04
2.5 1.073895e+04 1.076211e+04 1.075219e+04 1.072903e+04
3.5 1.075453e+04 1.075243e+04 1.073242e+04 1.073452e+04
4.5 1.071692e+04 1.076504e+04 1.072015e+04 1.067204e+04
5.5 1.080760e+04 1.080133e+04 1.072387e+04 1.073014e+04
6.5 1.080843e+04 1.083536e+04 1.074241e+04 1.071548e+04
7.5 1.078514e+04 1.084656e+04 1.076082e+04 1.069940e+04
8.5 1.085897e+04 1.083750e+04 1.077284e+04 1.079431e+04
9.5 1.085257e+04 1.079704e+04 1.077917e+04 1.083470e+04
10.5 1.078709e+04 1.074260e+04 1.078208e+04 1.082657e+04
11.5 1.074740e+04 1.070701e+04 1.078333e+04 1.082372e+04
12.5 1.072454e+04 1.069816e+04 1.078381e+04 1.081019e+04
13.5 1.076846e+04 1.072843e+04 1.078398e+04 1.082401e+04
0.5 1.081756e+04 1.081325e+04 1.078595e+04 1.079026e+04
1.5 1.080522e+04 1.078684e+04 1.077581e+04 1.079418e+04
2.5 1.072414e+04 1.075754e+04 1.075439e+04 1.072100e+04
3.5 1.077002e+04 1.074840e+04 1.073484e+04 1.075646e+04
4.5 1.080992e+04 1.076108e+04 1.072278e+04 1.077162e+04
5.5 1.082074e+04 1.079724e+04 1.072671e+04 1.075021e+04
6.5 1.077139e+04 1.083107e+04 1.074545e+04 1.068577e+04
7.5 1.088318e+04 1.084194e+04 1.076406e+04 1.080529e+04
8.5 1.095328e+04 1.082970e+04 1.077593e+04 1.089951e+04
9.5 1.084095e+04 1.079343e+04 1.077212e+04 1.081964e+04
10.5 1.069231e+04 1.075927e+04 1.075361e+04 1.068664e+04
11.5 1.066820e+04 1.074797e+04 1.073527e+04 1.065550e+04
12.5 1.083327e+04 1.075977e+04 1.072366e+04 1.079716e+04
13.5 1.084241e+04 1.079562e+04 1.072771e+04 1.077450e+04
0.5 1.095328e+04 1.082970e+04 1.077593e+04 1.089951e+04
1.5 1.084095e+04 1.079343e+04 1.077212e+04 1.081964e+04
2.5 1.069231e+04 1.075927e+04 1.075361e+04 1.068664e+04
3.5 1.066820e+04 1.074797e+04 1.073527e+04 1.065550e+04
4.5 1.083327e+04 1.075977e+04 1.072366e+04 1.079716e+04
5.5 1.084241e+04 1.079562e+04 1.072771e+04 1.077450e+04
6.5 1.083270e+04 1.082937e+04 1.074643e+04 1.074976e+04
7.5 1.081093e+04 1.084031e+04 1.076495e+04 1.073558e+04
8.5 1.081727e+04 1.082824e+04 1.077705e+04 1.076608e+04
9.5 1.084682e+04 1.078275e+04 1.078343e+04 1.084751e+04
10.5 1.072069e+04 1.072778e+04 1.078638e+04 1.077929e+04
11.5 1.064134e+04 1.069673e+04 1.078762e+04 1.073223e+04
12.5 1.066557e+04 1.069562e+04 1.078808e+04 1.075803e+04
13.5 1.069735e+04 1.073405e+04 1.078820e+04 1.075150e+04
