0.5 9.069928e+03 9.010336e+03 9.046833e+03 9.106424e+03
1.5 9.077456e+03 9.043284e+03 9.079991e+03 9.114164e+03
2.5 9.088484e+03 9.110050e+03 9.148314e+03 9.126748e+03
3.5 9.128779e+03 9.168835e+03 9.210783e+03 9.170727e+03
4.5 9.129480e+03 9.202592e+03 9.249766e+03 9.176655e+03
5.5 9.170900e+03 9.185694e+03 9.238782e+03 9.223988e+03
6.5 9.139260e+03 9.124578e+03 9.181492e+03 9.196174e+03
7.5 9.039526e+03 9.066530e+03 9.124523e+03 9.097519e+03
8.5 8.977547e+03 9.033420e+03 9.087493e+03 9.031620e+03
9.5 9.031992e+03 9.050531e+03 9.068206e+03 9.049666e+03
10.5 9.105509e+03 9.106995e+03 9.059547e+03 9.058060e+03
11.5 9.147471e+03 9.156844e+03 9.056067e+03 9.046693e+03
12.5 9.164542e+03 9.182412e+03 9.054937e+03 9.037067e+03
13.5 9.176790e+03 9.159793e+03 9.054739e+03 9.071736e+03
0.5 8.986171e+03 9.002934e+03 9.053488e+03 9.036725e+03
1.5 9.024451e+03 9.022875e+03 9.085384e+03 9.086960e+03
2.5 9.104415e+03 9.084762e+03 9.152487e+03 9.172140e+03
3.5 9.157761e+03 9.142364e+03 9.213782e+03 9.229179e+03
4.5 9.179408e+03 9.176554e+03 9.251640e+03 9.254494e+03
5.5 9.121215e+03 9.160676e+03 9.239580e+03 9.200120e+03
6.5 9.105528e+03 9.100749e+03 9.181266e+03 9.186045e+03
7.5 9.076055e+03 9.043943e+03 9.123326e+03 9.155437e+03
8.5 9.039059e+03 9.011965e+03 9.085379e+03 9.112473e+03
9.5 9.058173e+03 9.030145e+03 9.065229e+03 9.093257e+03
10.5 9.121010e+03 9.087642e+03 9.055762e+03 9.089130e+03
11.5 9.148737e+03 9.138507e+03 9.051530e+03 9.061760e+03
12.5 9.159899e+03 9.165067e+03 9.049702e+03 9.044535e+03
13.5 9.133107e+03 9.143406e+03 9.048861e+03 9.038563e+03
0.5 8.972242e+03 9.002977e+03 9.048954e+03 9.018219e+03
1.5 9.015095e+03 9.021919e+03 9.080911e+03 9.074086e+03
2.5 9.083166e+03 9.083323e+03 9.148081e+03 9.147925e+03
3.5 9.165885e+03 9.140761e+03 9.209455e+03 9.234579e+03
4.5 9.157822e+03 9.174947e+03 9.247404e+03 9.230280e+03
5.5 9.161399e+03 9.159136e+03 9.235445e+03 9.237708e+03
6.5 9.094682e+03 9.099298e+03 9.177235e+03 9.172620e+03
7.5 9.031480e+03 9.042623e+03 9.119402e+03 9.108259e+03
8.5 8.991679e+03 9.011790e+03 9.081563e+03 9.061453e+03
9.5 9.044034e+03 9.031909e+03 9.061521e+03 9.073646e+03
10.5 9.142496e+03 9.089758e+03 9.052160e+03 9.104898e+03
11.5 9.150503e+03 9.139100e+03 9.048032e+03 9.059435e+03
12.5 9.150461e+03 9.162923e+03 9.046306e+03 9.033843e+03
13.5 9.163634e+03 9.138287e+03 9.045563e+03 9.070909e+03
0.5 8.998530e+03 9.002078e+03 9.044476e+03 9.040928e+03
1.5 9.067466e+03 9.021096e+03 9.076654e+03 9.123024e+03
2.5 9.102306e+03 9.082562e+03 9.144050e+03 9.163794e+03
3.5 9.109384e+03 9.140052e+03 9.205649e+03 9.174981e+03
4.5 9.142135e+03 9.174281e+03 9.243819e+03 9.211673e+03
5.5 9.179283e+03 9.158515e+03 9.232080e+03 9.252848e+03
6.5 9.142422e+03 9.098727e+03 9.174094e+03 9.217789e+03
7.5 9.003083e+03 9.042002e+03 9.116489e+03 9.077570e+03
8.5 8.932082e+03 9.008092e+03 9.079940e+03 9.003930e+03
9.5 8.996301e+03 9.023985e+03 9.092347e+03 9.064663e+03
10.5 9.073657e+03 9.083825e+03 9.150650e+03 9.140481e+03
11.5 9.110275e+03 9.140567e+03 9.208381e+03 9.178090e+03
12.5 9.119294e+03 9.174479e+03 9.245081e+03 9.189896e+03
13.5 9.121656e+03 9.158591e+03 9.232849e+03 9.195913e+03
0.5 8.932082e+03 9.008092e+03 9.079940e+03 9.003930e+03
1.5 8.996301e+03 9.023985e+03 9.092347e+03 9.064663e+03
2.5 9.073657e+03 9.083825e+03 9.150650e+03 9.140481e+03
3.5 9.110275e+03 9.140567e+03 9.208381e+03 9.178090e+03
4.5 9.119294e+03 9.174479e+03 9.245081e+03 9.189896e+03
5.5 9.121656e+03 9.158591e+03 9.232849e+03 9.195913e+03
6.5 9.075223e+03 9.098757e+03 9.174745e+03 9.151211e+03
7.5 8.992868e+03 9.042129e+03 9.117236e+03 9.067975e+03
8.5 8.962942e+03 9.011357e+03 9.079724e+03 9.031309e+03
9.5 9.014439e+03 9.031530e+03 9.060013e+03 9.042922e+03
10.5 9.063487e+03 9.089420e+03 9.050987e+03 9.025054e+03
11.5 9.112795e+03 9.138793e+03 9.047197e+03 9.021200e+03
12.5 9.135056e+03 9.162643e+03 9.045812e+03 9.018226e+03
13.5 9.161532e+03 9.138037e+03 9.045413e+03 9.068908e+03
0.5 9.016560e+03 9.000147e+03 9.050332e+03 9.066744e+03
1.5 9.086171e+03 9.020342e+03 9.082745e+03 9.148574e+03
2.5 9.158875e+03 9.082460e+03 9.150365e+03 9.226780e+03
3.5 9.184263e+03 9.140266e+03 9.212174e+03 9.256171e+03
4.5 9.212306e+03 9.174637e+03 9.250543e+03 9.288212e+03
5.5 9.211146e+03 9.158930e+03 9.238995e+03 9.291211e+03
6.5 9.182528e+03 9.099175e+03 9.181197e+03 9.264550e+03
7.5 9.107313e+03 9.042549e+03 9.123774e+03 9.188538e+03
8.5 9.030408e+03 9.010751e+03 9.086342e+03 9.105999e+03
9.5 9.050774e+03 9.029104e+03 9.066696e+03 9.088365e+03
10.5 9.098028e+03 9.086757e+03 9.057716e+03 9.068988e+03
11.5 9.130905e+03 9.137753e+03 9.053957e+03 9.047109e+03
12.5 9.146825e+03 9.164428e+03 9.052592e+03 9.034989e+03
13.5 9.151430e+03 9.142874e+03 9.052206e+03 9.060761e+03
0.5 9.012003e+03 9.003174e+03 9.055750e+03 9.064579e+03
1.5 8.995296e+03 9.022263e+03 9.088261e+03 9.061293e+03
2.5 9.015377e+03 9.083807e+03 9.155990e+03 9.087559e+03
3.5 9.102285e+03 9.141375e+03 9.217920e+03 9.178830e+03
4.5 9.195541e+03 9.175681e+03 9.256422e+03 9.276282e+03
5.5 9.196577e+03 9.159985e+03 9.245012e+03 9.281604e+03
6.5 9.126640e+03 9.100267e+03 9.187355e+03 9.213728e+03
7.5 9.036684e+03 9.043721e+03 9.130077e+03 9.123039e+03
8.5 9.005183e+03 9.013024e+03 9.092796e+03 9.084955e+03
9.5 8.985414e+03 9.033285e+03 9.073315e+03 9.025445e+03
10.5 9.040541e+03 9.091277e+03 9.064520e+03 9.013785e+03
11.5 9.128216e+03 9.140757e+03 9.060961e+03 9.048420e+03
12.5 9.175463e+03 9.164717e+03 9.059806e+03 9.070552e+03
13.5 9.119883e+03 9.140216e+03 9.059633e+03 9.039301e+03
0.5 8.991038e+03 9.007426e+03 9.067549e+03 9.051161e+03
1.5 9.012786e+03 9.026632e+03 9.100016e+03 9.086170e+03
2.5 9.111156e+03 9.088364e+03 9.167657e+03 9.190450e+03
