0.5 1.006516e+04 1.012436e+04 1.029089e+04 1.023169e+04
1.5 1.020696e+04 1.017136e+04 1.031359e+04 1.034919e+04
2.5 1.037424e+04 1.027991e+04 1.032361e+04 1.041794e+04
3.5 1.043792e+04 1.036555e+04 1.031358e+04 1.038595e+04
4.5 1.034779e+04 1.040041e+04 1.028848e+04 1.023586e+04
5.5 1.036414e+04 1.034642e+04 1.025562e+04 1.027334e+04
6.5 1.021135e+04 1.023405e+04 1.024000e+04 1.021731e+04
7.5 1.003797e+04 1.014593e+04 1.024705e+04 1.013910e+04
8.5 1.000044e+04 1.011819e+04 1.026004e+04 1.014229e+04
9.5 1.017180e+04 1.020775e+04 1.026982e+04 1.023387e+04
10.5 1.037845e+04 1.036694e+04 1.027529e+04 1.028680e+04
11.5 1.043380e+04 1.048263e+04 1.027793e+04 1.022910e+04
12.5 1.051962e+04 1.052087e+04 1.027910e+04 1.027786e+04
13.5 1.042289e+04 1.043369e+04 1.027959e+04 1.026878e+04
0.5 1.004932e+04 1.010747e+04 1.029128e+04 1.023314e+04
1.5 1.015548e+04 1.015544e+04 1.031396e+04 1.031400e+04
2.5 1.029750e+04 1.026492e+04 1.032396e+04 1.035654e+04
3.5 1.026280e+04 1.035149e+04 1.031391e+04 1.022522e+04
4.5 1.035849e+04 1.038724e+04 1.028879e+04 1.026005e+04
5.5 1.035159e+04 1.033411e+04 1.025591e+04 1.027339e+04
6.5 1.024133e+04 1.022255e+04 1.024028e+04 1.025906e+04
7.5 1.010471e+04 1.013496e+04 1.024731e+04 1.021706e+04
8.5 1.004400e+04 1.010106e+04 1.026028e+04 1.020323e+04
9.5 1.022262e+04 1.017167e+04 1.027005e+04 1.032100e+04
10.5 1.035415e+04 1.031315e+04 1.027550e+04 1.031650e+04
11.5 1.045845e+04 1.042430e+04 1.027812e+04 1.031228e+04
12.5 1.055018e+04 1.047138e+04 1.027928e+04 1.035807e+04
13.5 1.043034e+04 1.040685e+04 1.027975e+04 1.030324e+04
0.5 1.011950e+04 1.010682e+04 1.029146e+04 1.030414e+04
1.5 1.016023e+04 1.015307e+04 1.031414e+04 1.032129e+04
2.5 1.032553e+04 1.026147e+04 1.032413e+04 1.038820e+04
3.5 1.031273e+04 1.034767e+04 1.031407e+04 1.027912e+04
4.5 1.031512e+04 1.038348e+04 1.028894e+04 1.022058e+04
5.5 1.033593e+04 1.033063e+04 1.025606e+04 1.026136e+04
6.5 1.030844e+04 1.021938e+04 1.024042e+04 1.032948e+04
7.5 1.011633e+04 1.013202e+04 1.024781e+04 1.023212e+04
8.5 1.008790e+04 1.009572e+04 1.027179e+04 1.026397e+04
9.5 1.011221e+04 1.014837e+04 1.030422e+04 1.026806e+04
10.5 1.027977e+04 1.025951e+04 1.031967e+04 1.033993e+04
11.5 1.031962e+04 1.034682e+04 1.031222e+04 1.028502e+04
12.5 1.039225e+04 1.038302e+04 1.028825e+04 1.029747e+04
13.5 1.030760e+04 1.033029e+04 1.025583e+04 1.023313e+04
0.5 1.008790e+04 1.009572e+04 1.027179e+04 1.026397e+04
1.5 1.011221e+04 1.014837e+04 1.030422e+04 1.026806e+04
2.5 1.027977e+04 1.025951e+04 1.031967e+04 1.033993e+04
3.5 1.031962e+04 1.034682e+04 1.031222e+04 1.028502e+04
4.5 1.039225e+04 1.038302e+04 1.028825e+04 1.029747e+04
5.5 1.030760e+04 1.033029e+04 1.025583e+04 1.023313e+04
6.5 1.014503e+04 1.021910e+04 1.024039e+04 1.016633e+04
7.5 1.010600e+04 1.013204e+04 1.024750e+04 1.022146e+04
8.5 1.019325e+04 1.010533e+04 1.026046e+04 1.034838e+04
9.5 1.025571e+04 1.019584e+04 1.027022e+04 1.033009e+04
10.5 1.037207e+04 1.035591e+04 1.027568e+04 1.029184e+04
11.5 1.046169e+04 1.047241e+04 1.027830e+04 1.026757e+04
12.5 1.048576e+04 1.051141e+04 1.027946e+04 1.025381e+04
13.5 1.048613e+04 1.042496e+04 1.027992e+04 1.034109e+04
0.5 1.004143e+04 1.010463e+04 1.029160e+04 1.022840e+04
1.5 1.020974e+04 1.015078e+04 1.031427e+04 1.037322e+04
2.5 1.032297e+04 1.025904e+04 1.032426e+04 1.038819e+04
3.5 1.034945e+04 1.034509e+04 1.031420e+04 1.031855e+04
4.5 1.038556e+04 1.038074e+04 1.028907e+04 1.029388e+04
5.5 1.045251e+04 1.032774e+04 1.025618e+04 1.038096e+04
6.5 1.030401e+04 1.021637e+04 1.024055e+04 1.032820e+04
7.5 1.013716e+04 1.012920e+04 1.024758e+04 1.025554e+04
8.5 1.008194e+04 1.010238e+04 1.026054e+04 1.024009e+04
9.5 1.022340e+04 1.019281e+04 1.027029e+04 1.030088e+04
10.5 1.036382e+04 1.035281e+04 1.027573e+04 1.028674e+04
11.5 1.041560e+04 1.046922e+04 1.027834e+04 1.022472e+04
12.5 1.053931e+04 1.050812e+04 1.027949e+04 1.031068e+04
13.5 1.050706e+04 1.042156e+04 1.027995e+04 1.036545e+04
0.5 1.015821e+04 1.009703e+04 1.029160e+04 1.035279e+04
1.5 1.015110e+04 1.014549e+04 1.031427e+04 1.031988e+04
2.5 1.026560e+04 1.025540e+04 1.032426e+04 1.033446e+04
3.5 1.026066e+04 1.034232e+04 1.031419e+04 1.023253e+04
4.5 1.036249e+04 1.037838e+04 1.028905e+04 1.027315e+04
5.5 1.035493e+04 1.032555e+04 1.025616e+04 1.028553e+04
6.5 1.024573e+04 1.021429e+04 1.024051e+04 1.027195e+04
7.5 1.011484e+04 1.012700e+04 1.024753e+04 1.023537e+04
8.5 1.014572e+04 1.009340e+04 1.026048e+04 1.031280e+04
9.5 1.023466e+04 1.016429e+04 1.027023e+04 1.034061e+04
10.5 1.045676e+04 1.030598e+04 1.027567e+04 1.042645e+04
11.5 1.045911e+04 1.041731e+04 1.027827e+04 1.032007e+04
12.5 1.049292e+04 1.046454e+04 1.027942e+04 1.030781e+04
13.5 1.046631e+04 1.040013e+04 1.027987e+04 1.034605e+04
0.5 1.012467e+04 1.010651e+04 1.029114e+04 1.030930e+04
1.5 1.010369e+04 1.015320e+04 1.031381e+04 1.026430e+04
2.5 1.020284e+04 1.026203e+04 1.032380e+04 1.026460e+04
3.5 1.030846e+04 1.034867e+04 1.031374e+04 1.027353e+04
4.5 1.042474e+04 1.038490e+04 1.028861e+04 1.032845e+04
5.5 1.027031e+04 1.033245e+04 1.025573e+04 1.019358e+04
6.5 1.015734e+04 1.022162e+04 1.024010e+04 1.017582e+04
7.5 1.013759e+04 1.013470e+04 1.024749e+04 1.025039e+04
8.5 1.020990e+04 1.009887e+04 1.027149e+04 1.038251e+04
9.5 1.022548e+04 1.015200e+04 1.030393e+04 1.037741e+04
10.5 1.023080e+04 1.026363e+04 1.031939e+04 1.028656e+04
11.5 1.028061e+04 1.035142e+04 1.031196e+04 1.024114e+04
12.5 1.042150e+04 1.038809e+04 1.028801e+04 1.032142e+04
13.5 1.038556e+04 1.033579e+04 1.025562e+04 1.030539e+04
0.5 1.020990e+04 1.009887e+04 1.027149e+04 1.038251e+04
1.5 1.022548e+04 1.015200e+04 1.030393e+04 1.037741e+04
2.5 1.023080e+04 1.026363e+04 1.031939e+04 1.028656e+04
3.5 1.028061e+04 1.035142e+04 1.031196e+04 1.024114e+04
4.5 1.042150e+04 1.038809e+04 1.028801e+04 1.032142e+04
5.5 1.038556e+04 1.033579e+04 1.025562e+04 1.030539e+04
6.5 1.024446e+04 1.022494e+04 1.024021e+04 1.025973e+04
7.5 1.013685e+04 1.013818e+04 1.024735e+04 1.024602e+04
8.5 1.011438e+04 1.011175e+04 1.026035e+04 1.026298e+04
9.5 1.023535e+04 1.020256e+04 1.027015e+04 1.030294e+04
10.5 1.044405e+04 1.036300e+04 1.027565e+04 1.035670e+04
11.5 1.045063e+04 1.047992e+04 1.027832e+04 1.024903e+04
12.5 1.042167e+04 1.051934e+04 1.027952e+04 1.018185e+04
13.5 1.043130e+04 1.043324e+04 1.028002e+04 1.027808e+04
