0.5 8.925897e+03 8.997564e+03 9.098080e+03 9.026414e+03
1.5 8.986862e+03 9.033994e+03 9.168778e+03 9.121646e+03
2.5 9.243270e+03 9.168448e+03 9.318968e+03 9.393790e+03
3.5 9.311934e+03 9.293386e+03 9.456164e+03 9.474711e+03
4.5 9.372809e+03 9.364859e+03 9.540609e+03 9.548559e+03
5.5 9.273684e+03 9.322918e+03 9.512588e+03 9.463354e+03
6.5 9.116809e+03 9.184121e+03 9.380356e+03 9.313044e+03
7.5 8.924780e+03 9.055483e+03 9.249046e+03 9.118343e+03
8.5 8.925393e+03 8.981065e+03 9.162888e+03 9.107215e+03
9.5 8.987654e+03 9.023742e+03 9.116926e+03 9.080838e+03
10.5 9.175972e+03 9.166654e+03 9.095114e+03 9.104431e+03
11.5 9.281520e+03 9.298465e+03 9.085161e+03 9.068215e+03
12.5 9.359451e+03 9.373836e+03 9.080682e+03 9.066297e+03
13.5 9.262637e+03 9.330474e+03 9.078473e+03 9.010636e+03
0.5 8.984510e+03 8.974556e+03 9.078047e+03 9.088001e+03
1.5 8.968713e+03 9.012128e+03 9.149975e+03 9.106560e+03
2.5 9.161421e+03 9.147683e+03 9.301326e+03 9.315063e+03
3.5 9.248298e+03 9.273702e+03 9.439622e+03 9.414218e+03
4.5 9.345238e+03 9.346232e+03 9.525112e+03 9.524118e+03
5.5 9.277574e+03 9.305315e+03 9.498079e+03 9.470338e+03
6.5 9.158918e+03 9.167489e+03 9.366775e+03 9.358204e+03
7.5 9.004886e+03 9.039608e+03 9.236334e+03 9.201612e+03
8.5 8.907679e+03 8.961607e+03 9.150986e+03 9.097058e+03
9.5 8.968163e+03 9.000700e+03 9.105775e+03 9.073238e+03
10.5 9.133861e+03 9.150843e+03 9.084658e+03 9.067676e+03
11.5 9.336211e+03 9.297322e+03 9.075346e+03 9.114235e+03
12.5 9.420889e+03 9.389932e+03 9.071455e+03 9.102411e+03
13.5 9.327664e+03 9.359149e+03 9.069784e+03 9.038299e+03
0.5 8.901691e+03 8.976047e+03 9.066559e+03 8.992203e+03
1.5 8.995820e+03 9.007181e+03 9.139050e+03 9.127689e+03
2.5 9.143941e+03 9.139742e+03 9.290944e+03 9.295143e+03
3.5 9.279208e+03 9.264745e+03 9.429755e+03 9.444219e+03
4.5 9.375177e+03 9.337214e+03 9.515733e+03 9.553696e+03
5.5 9.328521e+03 9.296646e+03 9.489166e+03 9.521041e+03
6.5 9.188241e+03 9.159299e+03 9.358314e+03 9.387256e+03
7.5 9.012067e+03 9.032081e+03 9.228312e+03 9.208299e+03
8.5 8.951861e+03 8.958577e+03 9.145765e+03 9.139049e+03
9.5 8.951119e+03 8.998649e+03 9.173598e+03 9.126069e+03
10.5 9.088432e+03 9.135711e+03 9.304910e+03 9.257631e+03
11.5 9.286706e+03 9.262759e+03 9.434928e+03 9.458875e+03
12.5 9.326247e+03 9.336089e+03 9.517519e+03 9.507677e+03
13.5 9.267237e+03 9.295873e+03 9.489771e+03 9.461135e+03
0.5 8.951861e+03 8.958577e+03 9.145765e+03 9.139049e+03
1.5 8.951119e+03 8.998649e+03 9.173598e+03 9.126069e+03
2.5 9.088432e+03 9.135711e+03 9.304910e+03 9.257631e+03
3.5 9.286706e+03 9.262759e+03 9.434928e+03 9.458875e+03
4.5 9.326247e+03 9.336089e+03 9.517519e+03 9.507677e+03
5.5 9.267237e+03 9.295873e+03 9.489771e+03 9.461135e+03
6.5 9.146888e+03 9.158704e+03 9.358587e+03 9.346770e+03
7.5 8.939919e+03 9.031591e+03 9.228739e+03 9.137067e+03
8.5 9.058826e+03 8.958608e+03 9.143977e+03 9.244195e+03
9.5 9.038636e+03 9.002622e+03 9.099348e+03 9.135362e+03
10.5 9.177837e+03 9.146782e+03 9.078810e+03 9.109865e+03
11.5 9.249176e+03 9.279770e+03 9.070075e+03 9.039481e+03
12.5 9.330151e+03 9.356261e+03 9.066761e+03 9.040652e+03
13.5 9.286138e+03 9.313976e+03 9.065668e+03 9.037830e+03
0.5 8.879426e+03 8.974716e+03 9.072824e+03 8.977534e+03
1.5 9.008232e+03 9.005974e+03 9.145776e+03 9.148034e+03
2.5 9.156505e+03 9.138628e+03 9.298119e+03 9.315996e+03
3.5 9.203255e+03 9.263698e+03 9.437369e+03 9.376926e+03
4.5 9.341219e+03 9.336222e+03 9.523774e+03 9.528771e+03
5.5 9.383676e+03 9.295714e+03 9.497633e+03 9.585594e+03
6.5 9.256114e+03 9.158449e+03 9.367215e+03 9.464880e+03
7.5 9.101704e+03 9.031341e+03 9.237653e+03 9.308016e+03
8.5 8.930543e+03 8.958387e+03 9.153169e+03 9.125326e+03
9.5 9.029175e+03 9.002469e+03 9.108782e+03 9.135488e+03
10.5 9.150541e+03 9.146701e+03 9.088443e+03 9.092283e+03
11.5 9.189959e+03 9.279744e+03 9.079868e+03 8.990083e+03
12.5 9.306044e+03 9.356268e+03 9.076684e+03 9.026460e+03
13.5 9.358557e+03 9.314000e+03 9.075698e+03 9.120255e+03
0.5 9.001666e+03 8.961175e+03 9.078632e+03 9.119122e+03
1.5 9.004471e+03 8.999697e+03 9.151601e+03 9.156374e+03
2.5 9.163791e+03 9.136129e+03 9.303950e+03 9.331612e+03
3.5 9.225406e+03 9.262944e+03 9.443192e+03 9.405655e+03
4.5 9.332182e+03 9.336202e+03 9.529572e+03 9.525552e+03
5.5 9.337517e+03 9.295970e+03 9.503378e+03 9.544924e+03
6.5 9.182657e+03 9.158814e+03 9.372863e+03 9.396706e+03
7.5 8.996914e+03 9.031600e+03 9.243163e+03 9.208477e+03
8.5 8.989869e+03 8.954255e+03 9.158509e+03 9.194123e+03
9.5 9.109865e+03 8.993975e+03 9.113946e+03 9.229836e+03
10.5 9.237630e+03 9.144689e+03 9.093429e+03 9.186370e+03
11.5 9.323108e+03 9.291673e+03 9.084669e+03 9.116104e+03
12.5 9.419509e+03 9.384735e+03 9.081280e+03 9.116054e+03
13.5 9.385980e+03 9.354373e+03 9.080061e+03 9.111668e+03
0.5 8.947762e+03 8.979272e+03 9.066200e+03 9.034690e+03
1.5 8.959615e+03 9.010800e+03 9.137633e+03 9.086449e+03
2.5 9.075241e+03 9.143757e+03 9.288447e+03 9.219931e+03
3.5 9.266713e+03 9.269148e+03 9.426166e+03 9.423731e+03
4.5 9.355229e+03 9.341999e+03 9.511044e+03 9.524274e+03
5.5 9.306375e+03 9.301807e+03 9.483379e+03 9.487947e+03
6.5 9.085500e+03 9.164833e+03 9.351437e+03 9.272104e+03
7.5 9.003928e+03 9.037999e+03 9.220363e+03 9.186291e+03
8.5 9.032748e+03 8.964934e+03 9.136784e+03 9.204598e+03
9.5 9.113118e+03 9.005458e+03 9.163622e+03 9.271282e+03
10.5 9.153935e+03 9.142997e+03 9.293982e+03 9.304920e+03
11.5 9.153248e+03 9.270539e+03 9.423104e+03 9.305813e+03
12.5 9.407674e+03 9.344373e+03 9.504864e+03 9.568165e+03
13.5 9.307325e+03 9.304636e+03 9.476362e+03 9.479051e+03
0.5 9.032748e+03 8.964934e+03 9.136784e+03 9.204598e+03
1.5 9.113118e+03 9.005458e+03 9.163622e+03 9.271282e+03
2.5 9.153935e+03 9.142997e+03 9.293982e+03 9.304920e+03
3.5 9.153248e+03 9.270539e+03 9.423104e+03 9.305813e+03
4.5 9.407674e+03 9.344373e+03 9.504864e+03 9.568165e+03
5.5 9.307325e+03 9.304636e+03 9.476362e+03 9.479051e+03
6.5 9.182028e+03 9.167886e+03 9.344514e+03 9.358656e+03
7.5 8.994693e+03 9.041143e+03 9.214101e+03 9.167651e+03
8.5 8.960470e+03 8.968508e+03 9.128888e+03 9.120850e+03
9.5 8.978152e+03 9.012910e+03 9.083932e+03 9.049174e+03
10.5 9.251471e+03 9.157560e+03 9.063204e+03 9.157115e+03
11.5 9.311635e+03 9.291133e+03 9.054430e+03 9.074932e+03
12.5 9.249005e+03 9.368268e+03 9.051237e+03 8.931975e+03
13.5 9.255389e+03 9.326598e+03 9.050389e+03 8.979180e+03
