0.5 8.978999e+03 9.020058e+03 9.091794e+03 9.050735e+03
1.5 9.022911e+03 9.042533e+03 9.100899e+03 9.081277e+03
2.5 9.137441e+03 9.101269e+03 9.104919e+03 9.141091e+03
3.5 9.197195e+03 9.150641e+03 9.100894e+03 9.147448e+03
4.5 9.183102e+03 9.174087e+03 9.090826e+03 9.099840e+03
5.5 9.133375e+03 9.148906e+03 9.077646e+03 9.062116e+03
6.5 9.059739e+03 9.088090e+03 9.071385e+03 9.043033e+03
7.5 8.965186e+03 9.037013e+03 9.074212e+03 9.002385e+03
8.5 8.955989e+03 9.011086e+03 9.079420e+03 9.024323e+03
9.5 9.007929e+03 9.033126e+03 9.083344e+03 9.058147e+03
10.5 9.093397e+03 9.092476e+03 9.085539e+03 9.086460e+03
11.5 9.135618e+03 9.144001e+03 9.086595e+03 9.078213e+03
12.5 9.148962e+03 9.170638e+03 9.087067e+03 9.065391e+03
13.5 9.145914e+03 9.148798e+03 9.087261e+03 9.084377e+03
0.5 8.992124e+03 9.010752e+03 9.091952e+03 9.073324e+03
1.5 9.031544e+03 9.033691e+03 9.101048e+03 9.098900e+03
2.5 9.101713e+03 9.092876e+03 9.105059e+03 9.113896e+03
3.5 9.139105e+03 9.142690e+03 9.101027e+03 9.097443e+03
4.5 9.156119e+03 9.166566e+03 9.090952e+03 9.080506e+03
5.5 9.146714e+03 9.141800e+03 9.077766e+03 9.082680e+03
6.5 9.082103e+03 9.081378e+03 9.071497e+03 9.072221e+03
7.5 9.005658e+03 9.030598e+03 9.074316e+03 9.049376e+03
8.5 8.986171e+03 9.002934e+03 9.079518e+03 9.062755e+03
9.5 9.024451e+03 9.022875e+03 9.083434e+03 9.085010e+03
10.5 9.104415e+03 9.084762e+03 9.085622e+03 9.105275e+03
11.5 9.157761e+03 9.142364e+03 9.086672e+03 9.102069e+03
12.5 9.179408e+03 9.176554e+03 9.087137e+03 9.089991e+03
13.5 9.121215e+03 9.160676e+03 9.087325e+03 9.047864e+03
0.5 8.991679e+03 9.011790e+03 9.092023e+03 9.071913e+03
1.5 9.044034e+03 9.031909e+03 9.101117e+03 9.113242e+03
2.5 9.142496e+03 9.089758e+03 9.105126e+03 9.157863e+03
3.5 9.150503e+03 9.139100e+03 9.101090e+03 9.112493e+03
4.5 9.150461e+03 9.162923e+03 9.091012e+03 9.078549e+03
5.5 9.163634e+03 9.138287e+03 9.077823e+03 9.103169e+03
6.5 9.116924e+03 9.078054e+03 9.071552e+03 9.110422e+03
7.5 9.027310e+03 9.027586e+03 9.074515e+03 9.074239e+03
8.5 9.004711e+03 9.003241e+03 9.084133e+03 9.085604e+03
9.5 9.013587e+03 9.027636e+03 9.097141e+03 9.083093e+03
10.5 9.058578e+03 9.087737e+03 9.103336e+03 9.074177e+03
11.5 9.140476e+03 9.138128e+03 9.100348e+03 9.102697e+03
12.5 9.168163e+03 9.162405e+03 9.090734e+03 9.096492e+03
13.5 9.134393e+03 9.137956e+03 9.077731e+03 9.074168e+03
0.5 9.004711e+03 9.003241e+03 9.084133e+03 9.085604e+03
1.5 9.013587e+03 9.027636e+03 9.097141e+03 9.083093e+03
2.5 9.058578e+03 9.087737e+03 9.103336e+03 9.074177e+03
3.5 9.140476e+03 9.138128e+03 9.100348e+03 9.102697e+03
4.5 9.168163e+03 9.162405e+03 9.090734e+03 9.096492e+03
5.5 9.134393e+03 9.137956e+03 9.077731e+03 9.074168e+03
6.5 9.060773e+03 9.077818e+03 9.071542e+03 9.054497e+03
7.5 9.016984e+03 9.027367e+03 9.074389e+03 9.064007e+03
8.5 8.999766e+03 9.002022e+03 9.079590e+03 9.077334e+03
9.5 9.036058e+03 9.024605e+03 9.083506e+03 9.094959e+03
10.5 9.075423e+03 9.084461e+03 9.085693e+03 9.076656e+03
11.5 9.120584e+03 9.136465e+03 9.086743e+03 9.070862e+03
12.5 9.158531e+03 9.163558e+03 9.087209e+03 9.082182e+03
13.5 9.166967e+03 9.142156e+03 9.087396e+03 9.112207e+03
0.5 8.962942e+03 9.011357e+03 9.092079e+03 9.043664e+03
1.5 9.014439e+03 9.031530e+03 9.101171e+03 9.084080e+03
2.5 9.063487e+03 9.089420e+03 9.105178e+03 9.079245e+03
3.5 9.112795e+03 9.138793e+03 9.101141e+03 9.075144e+03
4.5 9.135056e+03 9.162643e+03 9.091062e+03 9.063476e+03
5.5 9.161532e+03 9.138037e+03 9.077874e+03 9.101370e+03
6.5 9.100632e+03 9.077842e+03 9.071604e+03 9.094394e+03
7.5 9.016530e+03 9.027387e+03 9.074422e+03 9.063566e+03
8.5 9.007684e+03 9.002056e+03 9.079620e+03 9.085247e+03
9.5 9.039338e+03 9.024668e+03 9.083531e+03 9.098201e+03
10.5 9.079505e+03 9.084554e+03 9.085714e+03 9.080665e+03
11.5 9.127320e+03 9.136580e+03 9.086759e+03 9.077499e+03
12.5 9.170886e+03 9.163686e+03 9.087221e+03 9.094421e+03
13.5 9.176772e+03 9.142291e+03 9.087407e+03 9.121887e+03
0.5 9.017892e+03 9.005507e+03 9.092081e+03 9.104465e+03
1.5 9.028916e+03 9.028834e+03 9.101172e+03 9.101254e+03
2.5 9.092670e+03 9.088375e+03 9.105177e+03 9.109472e+03
3.5 9.123178e+03 9.138513e+03 9.101138e+03 9.085804e+03
4.5 9.159956e+03 9.162685e+03 9.091057e+03 9.088327e+03
5.5 9.160050e+03 9.138200e+03 9.077864e+03 9.099714e+03
6.5 9.097207e+03 9.078052e+03 9.071589e+03 9.090744e+03
7.5 9.018203e+03 9.027544e+03 9.074402e+03 9.065061e+03
8.5 9.016560e+03 9.000147e+03 9.079598e+03 9.096010e+03
9.5 9.086171e+03 9.020342e+03 9.083508e+03 9.149337e+03
10.5 9.158875e+03 9.082460e+03 9.085691e+03 9.162106e+03
11.5 9.184263e+03 9.140266e+03 9.086734e+03 9.130732e+03
12.5 9.212306e+03 9.174637e+03 9.087194e+03 9.124862e+03
13.5 9.211146e+03 9.158930e+03 9.087375e+03 9.139591e+03
0.5 9.005183e+03 9.013024e+03 9.091896e+03 9.084056e+03
1.5 8.985414e+03 9.033285e+03 9.100987e+03 9.053117e+03
2.5 9.040541e+03 9.091277e+03 9.104994e+03 9.054258e+03
3.5 9.128216e+03 9.140757e+03 9.100957e+03 9.088417e+03
4.5 9.175463e+03 9.164717e+03 9.090879e+03 9.101624e+03
5.5 9.119883e+03 9.140216e+03 9.077691e+03 9.057358e+03
6.5 9.007020e+03 9.080117e+03 9.071422e+03 8.998326e+03
7.5 9.010460e+03 9.029790e+03 9.074388e+03 9.055058e+03
8.5 9.039077e+03 9.005608e+03 9.084012e+03 9.117480e+03
9.5 9.073370e+03 9.030172e+03 9.097025e+03 9.140223e+03
10.5 9.044743e+03 9.090452e+03 9.103225e+03 9.057516e+03
11.5 9.113402e+03 9.141029e+03 9.100245e+03 9.072618e+03
12.5 9.202252e+03 9.165498e+03 9.090639e+03 9.127393e+03
13.5 9.175410e+03 9.141232e+03 9.077647e+03 9.111825e+03
0.5 9.039077e+03 9.005608e+03 9.084012e+03 9.117480e+03
1.5 9.073370e+03 9.030172e+03 9.097025e+03 9.140223e+03
2.5 9.044743e+03 9.090452e+03 9.103225e+03 9.057516e+03
3.5 9.113402e+03 9.141029e+03 9.100245e+03 9.072618e+03
4.5 9.202252e+03 9.165498e+03 9.090639e+03 9.127393e+03
5.5 9.175410e+03 9.141232e+03 9.077647e+03 9.111825e+03
6.5 9.085734e+03 9.081252e+03 9.071469e+03 9.075951e+03
7.5 9.010724e+03 9.030944e+03 9.074330e+03 9.054110e+03
8.5 9.000018e+03 9.005736e+03 9.079545e+03 9.073827e+03
9.5 9.045208e+03 9.028476e+03 9.083477e+03 9.100209e+03
10.5 9.136989e+03 9.088533e+03 9.085682e+03 9.134139e+03
11.5 9.134000e+03 9.140777e+03 9.086751e+03 9.079974e+03
12.5 9.124073e+03 9.168133e+03 9.087234e+03 9.043173e+03
13.5 9.118196e+03 9.146980e+03 9.087433e+03 9.058649e+03
