0.5 1.073808e+04 1.080656e+04 1.076153e+04 1.069304e+04
1.5 1.077412e+04 1.077146e+04 1.073990e+04 1.074256e+04
2.5 1.079314e+04 1.072187e+04 1.073035e+04 1.080162e+04
3.5 1.074014e+04 1.069352e+04 1.073989e+04 1.078652e+04
4.5 1.073830e+04 1.069380e+04 1.076379e+04 1.080829e+04
5.5 1.079472e+04 1.073301e+04 1.079507e+04 1.085679e+04
6.5 1.086427e+04 1.078511e+04 1.080994e+04 1.088910e+04
7.5 1.084623e+04 1.081497e+04 1.080324e+04 1.083450e+04
8.5 1.075887e+04 1.081561e+04 1.079088e+04 1.073414e+04
9.5 1.077118e+04 1.078647e+04 1.078157e+04 1.076628e+04
10.5 1.079874e+04 1.075591e+04 1.077635e+04 1.081918e+04
11.5 1.081226e+04 1.074644e+04 1.077384e+04 1.083966e+04
12.5 1.082063e+04 1.075925e+04 1.077272e+04 1.083410e+04
13.5 1.074429e+04 1.079575e+04 1.077225e+04 1.072079e+04
0.5 1.065213e+04 1.082954e+04 1.076108e+04 1.058367e+04
1.5 1.065979e+04 1.078437e+04 1.073947e+04 1.061489e+04
2.5 1.073334e+04 1.072973e+04 1.072993e+04 1.073354e+04
3.5 1.067427e+04 1.069900e+04 1.073948e+04 1.071474e+04
4.5 1.067530e+04 1.069819e+04 1.076338e+04 1.074049e+04
5.5 1.063152e+04 1.073687e+04 1.079468e+04 1.068934e+04
6.5 1.072821e+04 1.078866e+04 1.080957e+04 1.074912e+04
7.5 1.076770e+04 1.081835e+04 1.080289e+04 1.075223e+04
8.5 1.078511e+04 1.081885e+04 1.079054e+04 1.075681e+04
9.5 1.073443e+04 1.078957e+04 1.078125e+04 1.072611e+04
10.5 1.079477e+04 1.075887e+04 1.077605e+04 1.081195e+04
11.5 1.075887e+04 1.074927e+04 1.077355e+04 1.078316e+04
12.5 1.075799e+04 1.076193e+04 1.077245e+04 1.076850e+04
13.5 1.085368e+04 1.079829e+04 1.077200e+04 1.082739e+04
0.5 1.086895e+04 1.081393e+04 1.076087e+04 1.081589e+04
1.5 1.079237e+04 1.077848e+04 1.073928e+04 1.075317e+04
2.5 1.071827e+04 1.072853e+04 1.072976e+04 1.071949e+04
3.5 1.070515e+04 1.069982e+04 1.073933e+04 1.074466e+04
4.5 1.068921e+04 1.069974e+04 1.076325e+04 1.075272e+04
5.5 1.070659e+04 1.073862e+04 1.079456e+04 1.076254e+04
6.5 1.082346e+04 1.079041e+04 1.080947e+04 1.084252e+04
7.5 1.086159e+04 1.082009e+04 1.080281e+04 1.084430e+04
8.5 1.078753e+04 1.082342e+04 1.079048e+04 1.075459e+04
9.5 1.078912e+04 1.078960e+04 1.078120e+04 1.078072e+04
10.5 1.072759e+04 1.073826e+04 1.077602e+04 1.076535e+04
11.5 1.073028e+04 1.070400e+04 1.077354e+04 1.079982e+04
12.5 1.073494e+04 1.069567e+04 1.077244e+04 1.081171e+04
13.5 1.074080e+04 1.072614e+04 1.077201e+04 1.078667e+04
0.5 1.076697e+04 1.083268e+04 1.076106e+04 1.069535e+04
1.5 1.081758e+04 1.078735e+04 1.073948e+04 1.076970e+04
2.5 1.074238e+04 1.073256e+04 1.072996e+04 1.073978e+04
3.5 1.072570e+04 1.070170e+04 1.073954e+04 1.076354e+04
4.5 1.074166e+04 1.070075e+04 1.076346e+04 1.080437e+04
5.5 1.072711e+04 1.073930e+04 1.079478e+04 1.078260e+04
6.5 1.078072e+04 1.079097e+04 1.080969e+04 1.079944e+04
7.5 1.085421e+04 1.082065e+04 1.080303e+04 1.083660e+04
8.5 1.085112e+04 1.082398e+04 1.079071e+04 1.081784e+04
9.5 1.079225e+04 1.079018e+04 1.078144e+04 1.078350e+04
10.5 1.070428e+04 1.073887e+04 1.077627e+04 1.074167e+04
11.5 1.069122e+04 1.070465e+04 1.077379e+04 1.076036e+04
12.5 1.071809e+04 1.069637e+04 1.077271e+04 1.079443e+04
13.5 1.070264e+04 1.072687e+04 1.077227e+04 1.074805e+04
0.5 1.083929e+04 1.083395e+04 1.076131e+04 1.076665e+04
1.5 1.083056e+04 1.078864e+04 1.073973e+04 1.078165e+04
2.5 1.074710e+04 1.073386e+04 1.073021e+04 1.074344e+04
3.5 1.064347e+04 1.070301e+04 1.073978e+04 1.068024e+04
4.5 1.069347e+04 1.070208e+04 1.076369e+04 1.075508e+04
5.5 1.073288e+04 1.074064e+04 1.079501e+04 1.078725e+04
6.5 1.084697e+04 1.079232e+04 1.080991e+04 1.086457e+04
7.5 1.083731e+04 1.082188e+04 1.080324e+04 1.081867e+04
8.5 1.080122e+04 1.082227e+04 1.079091e+04 1.076987e+04
9.5 1.072695e+04 1.079289e+04 1.078162e+04 1.071568e+04
10.5 1.073895e+04 1.076211e+04 1.077644e+04 1.075328e+04
11.5 1.075453e+04 1.075243e+04 1.077395e+04 1.077605e+04
12.5 1.071692e+04 1.076504e+04 1.077284e+04 1.072472e+04
13.5 1.080760e+04 1.080133e+04 1.077239e+04 1.077865e+04
0.5 1.092123e+04 1.081629e+04 1.076119e+04 1.086613e+04
1.5 1.082783e+04 1.078078e+04 1.073959e+04 1.078665e+04
2.5 1.074448e+04 1.073077e+04 1.073005e+04 1.074376e+04
3.5 1.071534e+04 1.070201e+04 1.073960e+04 1.075293e+04
4.5 1.072684e+04 1.070188e+04 1.076350e+04 1.078847e+04
5.5 1.070688e+04 1.074069e+04 1.079480e+04 1.076099e+04
6.5 1.084492e+04 1.079241e+04 1.080969e+04 1.086220e+04
7.5 1.084057e+04 1.082191e+04 1.080267e+04 1.082133e+04
8.5 1.086314e+04 1.082227e+04 1.077983e+04 1.082070e+04
9.5 1.076139e+04 1.078346e+04 1.074894e+04 1.072687e+04
10.5 1.068283e+04 1.073165e+04 1.073422e+04 1.068539e+04
11.5 1.072700e+04 1.070199e+04 1.074129e+04 1.076630e+04
12.5 1.071140e+04 1.070143e+04 1.076409e+04 1.077405e+04
13.5 1.071633e+04 1.074002e+04 1.079495e+04 1.077126e+04
0.5 1.086314e+04 1.082227e+04 1.077983e+04 1.082070e+04
1.5 1.076139e+04 1.078346e+04 1.074894e+04 1.072687e+04
2.5 1.068283e+04 1.073165e+04 1.073422e+04 1.068539e+04
3.5 1.072700e+04 1.070199e+04 1.074129e+04 1.076630e+04
4.5 1.071140e+04 1.070143e+04 1.076409e+04 1.077405e+04
5.5 1.071633e+04 1.074002e+04 1.079495e+04 1.077126e+04
6.5 1.085844e+04 1.079160e+04 1.080965e+04 1.087649e+04
7.5 1.088080e+04 1.082110e+04 1.080290e+04 1.086260e+04
8.5 1.085242e+04 1.082424e+04 1.079056e+04 1.081874e+04
9.5 1.071880e+04 1.079023e+04 1.078127e+04 1.070983e+04
10.5 1.056431e+04 1.073871e+04 1.077607e+04 1.060168e+04
11.5 1.065340e+04 1.070426e+04 1.077358e+04 1.072272e+04
12.5 1.076637e+04 1.069574e+04 1.077248e+04 1.084311e+04
13.5 1.073359e+04 1.072600e+04 1.077203e+04 1.077962e+04
0.5 1.081727e+04 1.082824e+04 1.076114e+04 1.075017e+04
1.5 1.084682e+04 1.078275e+04 1.073958e+04 1.080365e+04
2.5 1.072069e+04 1.072778e+04 1.073008e+04 1.072300e+04
3.5 1.064134e+04 1.069673e+04 1.073968e+04 1.068429e+04
4.5 1.066557e+04 1.069562e+04 1.076363e+04 1.073358e+04
5.5 1.069735e+04 1.073405e+04 1.079498e+04 1.075828e+04
6.5 1.073778e+04 1.078565e+04 1.080992e+04 1.076206e+04
7.5 1.085835e+04 1.081528e+04 1.080329e+04 1.084636e+04
8.5 1.074545e+04 1.081859e+04 1.079100e+04 1.071785e+04
9.5 1.066842e+04 1.078475e+04 1.078175e+04 1.066543e+04
10.5 1.075116e+04 1.073338e+04 1.077661e+04 1.079439e+04
