0.5 8.925897e+03 8.997564e+03 9.168520e+03 9.096853e+03
1.5 8.986862e+03 9.033994e+03 9.177175e+03 9.130044e+03
2.5 9.243270e+03 9.168448e+03 9.180996e+03 9.255817e+03
3.5 9.311934e+03 9.293386e+03 9.177170e+03 9.195718e+03
4.5 9.372809e+03 9.364859e+03 9.167600e+03 9.175550e+03
5.5 9.273684e+03 9.322918e+03 9.155073e+03 9.105838e+03
6.5 9.116809e+03 9.184121e+03 9.149121e+03 9.081809e+03
7.5 8.924780e+03 9.055483e+03 9.151808e+03 9.021106e+03
8.5 8.925393e+03 8.981065e+03 9.156759e+03 9.101087e+03
9.5 8.987654e+03 9.023742e+03 9.160489e+03 9.124401e+03
10.5 9.175972e+03 9.166654e+03 9.162575e+03 9.171892e+03
11.5 9.281520e+03 9.298465e+03 9.163579e+03 9.146634e+03
12.5 9.359451e+03 9.373836e+03 9.164028e+03 9.149643e+03
13.5 9.262637e+03 9.330474e+03 9.164212e+03 9.096375e+03
0.5 8.984510e+03 8.974556e+03 9.168671e+03 9.178624e+03
1.5 8.968713e+03 9.012128e+03 9.177317e+03 9.133902e+03
2.5 9.161421e+03 9.147683e+03 9.181130e+03 9.194867e+03
3.5 9.248298e+03 9.273702e+03 9.177297e+03 9.151893e+03
4.5 9.345238e+03 9.346232e+03 9.167721e+03 9.166727e+03
5.5 9.277574e+03 9.305315e+03 9.155186e+03 9.127446e+03
6.5 9.158918e+03 9.167489e+03 9.149228e+03 9.140656e+03
7.5 9.004886e+03 9.039608e+03 9.151908e+03 9.117185e+03
8.5 8.907679e+03 8.961607e+03 9.156852e+03 9.102924e+03
9.5 8.968163e+03 9.000700e+03 9.160574e+03 9.128037e+03
10.5 9.133861e+03 9.150843e+03 9.162654e+03 9.145672e+03
11.5 9.336211e+03 9.297322e+03 9.163652e+03 9.202541e+03
12.5 9.420889e+03 9.389932e+03 9.164095e+03 9.195051e+03
13.5 9.327664e+03 9.359149e+03 9.164273e+03 9.132787e+03
0.5 8.901691e+03 8.976047e+03 9.168739e+03 9.094383e+03
1.5 8.995820e+03 9.007181e+03 9.177383e+03 9.166022e+03
2.5 9.143941e+03 9.139742e+03 9.181193e+03 9.185392e+03
3.5 9.279208e+03 9.264745e+03 9.177357e+03 9.191820e+03
4.5 9.375177e+03 9.337214e+03 9.167777e+03 9.205740e+03
5.5 9.328521e+03 9.296646e+03 9.155241e+03 9.187115e+03
6.5 9.188241e+03 9.159299e+03 9.149281e+03 9.178223e+03
7.5 9.012067e+03 9.032081e+03 9.152096e+03 9.132083e+03
8.5 8.951861e+03 8.958577e+03 9.161239e+03 9.154523e+03
9.5 8.951119e+03 8.998649e+03 9.173604e+03 9.126074e+03
10.5 9.088432e+03 9.135711e+03 9.179491e+03 9.132212e+03
11.5 9.286706e+03 9.262759e+03 9.176652e+03 9.200598e+03
12.5 9.326247e+03 9.336089e+03 9.167513e+03 9.157671e+03
13.5 9.267237e+03 9.295873e+03 9.155153e+03 9.126518e+03
0.5 8.951861e+03 8.958577e+03 9.161239e+03 9.154523e+03
1.5 8.951119e+03 8.998649e+03 9.173604e+03 9.126074e+03
2.5 9.088432e+03 9.135711e+03 9.179491e+03 9.132212e+03
3.5 9.286706e+03 9.262759e+03 9.176652e+03 9.200598e+03
4.5 9.326247e+03 9.336089e+03 9.167513e+03 9.157671e+03
5.5 9.267237e+03 9.295873e+03 9.155153e+03 9.126518e+03
6.5 9.146888e+03 9.158704e+03 9.149270e+03 9.137454e+03
7.5 8.939919e+03 9.031591e+03 9.151977e+03 9.060305e+03
8.5 9.058826e+03 8.958608e+03 9.156920e+03 9.257139e+03
9.5 9.038636e+03 9.002622e+03 9.160642e+03 9.196656e+03
10.5 9.177837e+03 9.146782e+03 9.162722e+03 9.193777e+03
11.5 9.249176e+03 9.279770e+03 9.163720e+03 9.133126e+03
12.5 9.330151e+03 9.356261e+03 9.164162e+03 9.138053e+03
13.5 9.286138e+03 9.313976e+03 9.164340e+03 9.136502e+03
0.5 8.879426e+03 8.974716e+03 9.168791e+03 9.073501e+03
1.5 9.008232e+03 9.005974e+03 9.177434e+03 9.179693e+03
2.5 9.156505e+03 9.138628e+03 9.181243e+03 9.199120e+03
3.5 9.203255e+03 9.263698e+03 9.177406e+03 9.116962e+03
4.5 9.341219e+03 9.336222e+03 9.167825e+03 9.172822e+03
5.5 9.383676e+03 9.295714e+03 9.155289e+03 9.243251e+03
6.5 9.256114e+03 9.158449e+03 9.149330e+03 9.246995e+03
7.5 9.101704e+03 9.031341e+03 9.152008e+03 9.222372e+03
8.5 8.930543e+03 8.958387e+03 9.156949e+03 9.129105e+03
9.5 9.029175e+03 9.002469e+03 9.160666e+03 9.187372e+03
10.5 9.150541e+03 9.146701e+03 9.162741e+03 9.166581e+03
11.5 9.189959e+03 9.279744e+03 9.163735e+03 9.073950e+03
12.5 9.306044e+03 9.356268e+03 9.164174e+03 9.113950e+03
13.5 9.358557e+03 9.314000e+03 9.164351e+03 9.208907e+03
0.5 9.001666e+03 8.961175e+03 9.168793e+03 9.209284e+03
1.5 9.004471e+03 8.999697e+03 9.177435e+03 9.182208e+03
2.5 9.163791e+03 9.136129e+03 9.181242e+03 9.208904e+03
3.5 9.225406e+03 9.262944e+03 9.177403e+03 9.139865e+03
4.5 9.332182e+03 9.336202e+03 9.167820e+03 9.163800e+03
5.5 9.337517e+03 9.295970e+03 9.155279e+03 9.196826e+03
6.5 9.182657e+03 9.158814e+03 9.149315e+03 9.173158e+03
7.5 8.996914e+03 9.031600e+03 9.151989e+03 9.117304e+03
8.5 8.989869e+03 8.954255e+03 9.156928e+03 9.192542e+03
9.5 9.109865e+03 8.993975e+03 9.160645e+03 9.276535e+03
10.5 9.237630e+03 9.144689e+03 9.162719e+03 9.255660e+03
11.5 9.323108e+03 9.291673e+03 9.163711e+03 9.195147e+03
12.5 9.419509e+03 9.384735e+03 9.164148e+03 9.198922e+03
13.5 9.385980e+03 9.354373e+03 9.164321e+03 9.195928e+03
0.5 8.947762e+03 8.979272e+03 9.168618e+03 9.137108e+03
1.5 8.959615e+03 9.010800e+03 9.177259e+03 9.126075e+03
2.5 9.075241e+03 9.143757e+03 9.181068e+03 9.112552e+03
3.5 9.266713e+03 9.269148e+03 9.177231e+03 9.174795e+03
4.5 9.355229e+03 9.341999e+03 9.167651e+03 9.180881e+03
5.5 9.306375e+03 9.301807e+03 9.155115e+03 9.159683e+03
6.5 9.085500e+03 9.164833e+03 9.149157e+03 9.069824e+03
7.5 9.003928e+03 9.037999e+03 9.151976e+03 9.117905e+03
8.5 9.032748e+03 8.964934e+03 9.161123e+03 9.228938e+03
9.5 9.113118e+03 9.005458e+03 9.173493e+03 9.281153e+03
10.5 9.153935e+03 9.142997e+03 9.179386e+03 9.190324e+03
11.5 9.153248e+03 9.270539e+03 9.176554e+03 9.059263e+03
12.5 9.407674e+03 9.344373e+03 9.167423e+03 9.230724e+03
13.5 9.307325e+03 9.304636e+03 9.155073e+03 9.157763e+03
0.5 9.032748e+03 8.964934e+03 9.161123e+03 9.228938e+03
1.5 9.113118e+03 9.005458e+03 9.173493e+03 9.281153e+03
2.5 9.153935e+03 9.142997e+03 9.179386e+03 9.190324e+03
3.5 9.153248e+03 9.270539e+03 9.176554e+03 9.059263e+03
4.5 9.407674e+03 9.344373e+03 9.167423e+03 9.230724e+03
5.5 9.307325e+03 9.304636e+03 9.155073e+03 9.157763e+03
6.5 9.182028e+03 9.167886e+03 9.149201e+03 9.163343e+03
7.5 8.994693e+03 9.041143e+03 9.151921e+03 9.105471e+03
8.5 8.960470e+03 8.968508e+03 9.156878e+03 9.148840e+03
9.5 8.978152e+03 9.012910e+03 9.160615e+03 9.125857e+03
10.5 9.251471e+03 9.157560e+03 9.162711e+03 9.256622e+03
11.5 9.311635e+03 9.291133e+03 9.163727e+03 9.184229e+03
12.5 9.249005e+03 9.368268e+03 9.164186e+03 9.044923e+03
13.5 9.255389e+03 9.326598e+03 9.164376e+03 9.093167e+03
