0.5 9.312225e+03 9.368166e+03 9.383152e+03 9.327211e+03
1.5 9.363991e+03 9.385719e+03 9.412071e+03 9.390344e+03
2.5 9.444993e+03 9.441371e+03 9.473309e+03 9.476930e+03
3.5 9.483663e+03 9.490271e+03 9.529251e+03 9.522643e+03
4.5 9.500815e+03 9.515242e+03 9.563739e+03 9.549312e+03
5.5 9.514081e+03 9.492977e+03 9.552503e+03 9.573607e+03
6.5 9.461159e+03 9.433965e+03 9.498904e+03 9.526098e+03
7.5 9.345880e+03 9.382579e+03 9.445688e+03 9.408989e+03
8.5 9.310998e+03 9.355396e+03 9.410838e+03 9.366439e+03
9.5 9.347226e+03 9.371361e+03 9.392339e+03 9.368204e+03
10.5 9.455793e+03 9.419468e+03 9.383667e+03 9.419992e+03
11.5 9.503416e+03 9.460984e+03 9.379826e+03 9.422258e+03
12.5 9.485816e+03 9.481492e+03 9.378219e+03 9.382543e+03
13.5 9.438620e+03 9.461478e+03 9.377545e+03 9.354686e+03
0.5 9.291453e+03 9.346034e+03 9.378118e+03 9.323537e+03
1.5 9.341782e+03 9.369469e+03 9.407641e+03 9.379954e+03
2.5 9.428700e+03 9.428353e+03 9.469466e+03 9.469812e+03
3.5 9.467598e+03 9.479022e+03 9.525991e+03 9.514566e+03
4.5 9.478844e+03 9.505048e+03 9.561054e+03 9.534849e+03
5.5 9.474475e+03 9.483513e+03 9.550377e+03 9.541339e+03
6.5 9.419706e+03 9.425084e+03 9.497317e+03 9.491939e+03
7.5 9.357430e+03 9.374181e+03 9.444614e+03 9.427863e+03
8.5 9.323775e+03 9.347433e+03 9.410254e+03 9.386596e+03
9.5 9.357879e+03 9.363808e+03 9.392219e+03 9.386290e+03
10.5 9.416666e+03 9.412311e+03 9.383987e+03 9.388343e+03
11.5 9.448614e+03 9.454216e+03 9.380562e+03 9.374961e+03
12.5 9.468450e+03 9.475105e+03 9.379348e+03 9.372694e+03
13.5 9.461789e+03 9.455459e+03 9.379043e+03 9.385373e+03
0.5 9.376736e+03 9.349883e+03 9.382716e+03 9.409570e+03
1.5 9.390805e+03 9.368380e+03 9.412530e+03 9.434956e+03
2.5 9.456920e+03 9.424946e+03 9.474618e+03 9.506592e+03
3.5 9.487012e+03 9.474745e+03 9.531378e+03 9.543645e+03
4.5 9.494981e+03 9.500595e+03 9.566649e+03 9.561035e+03
5.5 9.466245e+03 9.479181e+03 9.556154e+03 9.543218e+03
6.5 9.404871e+03 9.420974e+03 9.503250e+03 9.487148e+03
7.5 9.343912e+03 9.370251e+03 9.450680e+03 9.424341e+03
8.5 9.310174e+03 9.341346e+03 9.416428e+03 9.385256e+03
9.5 9.351300e+03 9.357556e+03 9.398480e+03 9.392223e+03
10.5 9.416910e+03 9.414205e+03 9.390312e+03 9.393018e+03
11.5 9.492291e+03 9.468059e+03 9.386931e+03 9.411163e+03
12.5 9.484832e+03 9.500850e+03 9.385741e+03 9.369723e+03
13.5 9.487027e+03 9.487320e+03 9.385440e+03 9.385147e+03
0.5 9.334863e+03 9.338748e+03 9.388530e+03 9.384645e+03
1.5 9.369791e+03 9.362640e+03 9.418076e+03 9.425228e+03
2.5 9.410981e+03 9.421948e+03 9.479886e+03 9.468918e+03
3.5 9.457629e+03 9.473015e+03 9.536357e+03 9.520971e+03
4.5 9.493306e+03 9.499418e+03 9.571330e+03 9.565218e+03
5.5 9.500558e+03 9.478244e+03 9.560532e+03 9.582846e+03
6.5 9.440481e+03 9.420162e+03 9.507325e+03 9.527645e+03
7.5 9.365917e+03 9.369504e+03 9.454452e+03 9.450865e+03
8.5 9.336255e+03 9.340645e+03 9.419891e+03 9.415501e+03
9.5 9.396515e+03 9.356894e+03 9.401621e+03 9.441243e+03
10.5 9.429313e+03 9.413568e+03 9.393115e+03 9.408860e+03
11.5 9.435096e+03 9.467434e+03 9.389379e+03 9.357040e+03
12.5 9.468403e+03 9.500231e+03 9.387821e+03 9.355993e+03
13.5 9.508796e+03 9.486705e+03 9.387144e+03 9.409235e+03
0.5 9.349657e+03 9.338167e+03 9.383226e+03 9.394715e+03
1.5 9.374774e+03 9.362061e+03 9.412409e+03 9.425122e+03
2.5 9.419666e+03 9.421373e+03 9.473864e+03 9.472157e+03
3.5 9.464647e+03 9.472439e+03 9.529989e+03 9.522197e+03
4.5 9.507355e+03 9.498835e+03 9.564626e+03 9.573146e+03
5.5 9.513152e+03 9.477649e+03 9.553498e+03 9.589001e+03
6.5 9.457011e+03 9.419557e+03 9.499965e+03 9.537419e+03
7.5 9.383624e+03 9.368983e+03 9.446770e+03 9.461412e+03
8.5 9.353188e+03 9.342552e+03 9.411900e+03 9.422536e+03
9.5 9.359236e+03 9.359224e+03 9.393341e+03 9.393353e+03
10.5 9.410312e+03 9.407998e+03 9.384572e+03 9.386887e+03
11.5 9.436567e+03 9.450145e+03 9.380600e+03 9.367023e+03
12.5 9.468644e+03 9.471252e+03 9.378832e+03 9.376224e+03
13.5 9.468534e+03 9.451810e+03 9.377971e+03 9.394694e+03
0.5 9.369877e+03 9.347980e+03 9.376020e+03 9.397917e+03
1.5 9.384026e+03 9.366608e+03 9.405387e+03 9.422805e+03
2.5 9.431116e+03 9.423291e+03 9.467047e+03 9.474872e+03
3.5 9.463988e+03 9.473189e+03 9.523403e+03 9.514202e+03
4.5 9.478342e+03 9.499126e+03 9.558291e+03 9.537507e+03
5.5 9.482986e+03 9.477795e+03 9.547437e+03 9.552628e+03
6.5 9.422452e+03 9.419678e+03 9.494199e+03 9.496972e+03
7.5 9.379513e+03 9.369145e+03 9.441319e+03 9.451687e+03
8.5 9.366846e+03 9.342984e+03 9.407751e+03 9.431613e+03
9.5 9.384223e+03 9.364281e+03 9.419070e+03 9.439012e+03
10.5 9.435576e+03 9.422444e+03 9.472471e+03 9.485603e+03
11.5 9.484593e+03 9.473069e+03 9.525357e+03 9.536881e+03
12.5 9.497692e+03 9.499350e+03 9.558971e+03 9.557314e+03
13.5 9.505348e+03 9.478183e+03 9.547737e+03 9.574902e+03
0.5 9.366846e+03 9.342984e+03 9.407751e+03 9.431613e+03
1.5 9.384223e+03 9.364281e+03 9.419070e+03 9.439012e+03
2.5 9.435576e+03 9.422444e+03 9.472471e+03 9.485603e+03
3.5 9.484593e+03 9.473069e+03 9.525357e+03 9.536881e+03
4.5 9.497692e+03 9.499350e+03 9.558971e+03 9.557314e+03
5.5 9.505348e+03 9.478183e+03 9.547737e+03 9.574902e+03
6.5 9.448987e+03 9.420161e+03 9.494459e+03 9.523284e+03
7.5 9.369579e+03 9.369602e+03 9.441733e+03 9.441711e+03
8.5 9.354463e+03 9.340851e+03 9.407344e+03 9.420956e+03
9.5 9.332503e+03 9.357221e+03 9.389278e+03 9.364560e+03
10.5 9.348697e+03 9.414027e+03 9.381012e+03 9.315683e+03
11.5 9.431969e+03 9.468029e+03 9.377548e+03 9.341488e+03
12.5 9.515911e+03 9.500964e+03 9.376291e+03 9.391237e+03
13.5 9.517389e+03 9.487575e+03 9.375938e+03 9.405752e+03
0.5 9.337020e+03 9.342326e+03 9.378918e+03 9.373612e+03
1.5 9.385225e+03 9.366367e+03 9.408328e+03 9.427186e+03
2.5 9.475672e+03 9.425858e+03 9.469971e+03 9.519785e+03
3.5 9.477273e+03 9.477137e+03 9.526245e+03 9.526381e+03
4.5 9.464663e+03 9.503767e+03 9.560986e+03 9.521883e+03
5.5 9.458243e+03 9.482801e+03 9.549917e+03 9.525360e+03
6.5 9.431269e+03 9.424880e+03 9.496393e+03 9.502783e+03
7.5 9.379643e+03 9.374343e+03 9.443156e+03 9.448456e+03
8.5 9.325875e+03 9.345583e+03 9.408189e+03 9.388482e+03
9.5 9.344820e+03 9.361950e+03 9.389477e+03 9.372347e+03
10.5 9.442224e+03 9.418798e+03 9.380496e+03 9.403921e+03
