0.5 9.138734e+03 9.178166e+03 9.214913e+03 9.175481e+03
1.5 9.170604e+03 9.194290e+03 9.237926e+03 9.214240e+03
2.5 9.277202e+03 9.240049e+03 9.286815e+03 9.323968e+03
3.5 9.323561e+03 9.278841e+03 9.331474e+03 9.376194e+03
4.5 9.305671e+03 9.297304e+03 9.358962e+03 9.367329e+03
5.5 9.257047e+03 9.277333e+03 9.349841e+03 9.329555e+03
6.5 9.205127e+03 9.229151e+03 9.306797e+03 9.282773e+03
7.5 9.128793e+03 9.188684e+03 9.264054e+03 9.204163e+03
8.5 9.118652e+03 9.168318e+03 9.236008e+03 9.186342e+03
9.5 9.160060e+03 9.188798e+03 9.221047e+03 9.192309e+03
10.5 9.241311e+03 9.241826e+03 9.213947e+03 9.213432e+03
11.5 9.274655e+03 9.287969e+03 9.210707e+03 9.197393e+03
12.5 9.283759e+03 9.312197e+03 9.209249e+03 9.180811e+03
13.5 9.280800e+03 9.293556e+03 9.208530e+03 9.195774e+03
0.5 9.145820e+03 9.170670e+03 9.208392e+03 9.183542e+03
1.5 9.176118e+03 9.187139e+03 9.231805e+03 9.220784e+03
2.5 9.233010e+03 9.233232e+03 9.281072e+03 9.280850e+03
3.5 9.262372e+03 9.272355e+03 9.326089e+03 9.316106e+03
4.5 9.281020e+03 9.291144e+03 9.353917e+03 9.343794e+03
5.5 9.273007e+03 9.271489e+03 9.345118e+03 9.346636e+03
6.5 9.222234e+03 9.223607e+03 9.302377e+03 9.301004e+03
7.5 9.157240e+03 9.183338e+03 9.259916e+03 9.233818e+03
8.5 9.147109e+03 9.160848e+03 9.232134e+03 9.218395e+03
9.5 9.180109e+03 9.179456e+03 9.217417e+03 9.218071e+03
10.5 9.261727e+03 9.236736e+03 9.210544e+03 9.235535e+03
11.5 9.316213e+03 9.291110e+03 9.207512e+03 9.232615e+03
12.5 9.335052e+03 9.324787e+03 9.206246e+03 9.216511e+03
13.5 9.278696e+03 9.312698e+03 9.205702e+03 9.171700e+03
0.5 9.163574e+03 9.174086e+03 9.204652e+03 9.194140e+03
1.5 9.209452e+03 9.186764e+03 9.228249e+03 9.250937e+03
2.5 9.285228e+03 9.231018e+03 9.277692e+03 9.331902e+03
3.5 9.283475e+03 9.269418e+03 9.322878e+03 9.336935e+03
4.5 9.279121e+03 9.288025e+03 9.350864e+03 9.341961e+03
5.5 9.291889e+03 9.268426e+03 9.342217e+03 9.365680e+03
6.5 9.260704e+03 9.220680e+03 9.299622e+03 9.339646e+03
7.5 9.189032e+03 9.180687e+03 9.257305e+03 9.265650e+03
8.5 9.169928e+03 9.161374e+03 9.230435e+03 9.238989e+03
9.5 9.165337e+03 9.180660e+03 9.239495e+03 9.224172e+03
10.5 9.205303e+03 9.228244e+03 9.282239e+03 9.259298e+03
11.5 9.277841e+03 9.268156e+03 9.324561e+03 9.334247e+03
12.5 9.293937e+03 9.287397e+03 9.351446e+03 9.357986e+03
13.5 9.258538e+03 9.268049e+03 9.342413e+03 9.332902e+03
0.5 9.169928e+03 9.161374e+03 9.230435e+03 9.238989e+03
1.5 9.165337e+03 9.180660e+03 9.239495e+03 9.224172e+03
2.5 9.205303e+03 9.228244e+03 9.282239e+03 9.259298e+03
3.5 9.277841e+03 9.268156e+03 9.324561e+03 9.334247e+03
4.5 9.293937e+03 9.287397e+03 9.351446e+03 9.357986e+03
5.5 9.258538e+03 9.268049e+03 9.342413e+03 9.332902e+03
6.5 9.202843e+03 9.220418e+03 9.299711e+03 9.282137e+03
7.5 9.168198e+03 9.180444e+03 9.257444e+03 9.245198e+03
8.5 9.151125e+03 9.160539e+03 9.229853e+03 9.220439e+03
9.5 9.183057e+03 9.181448e+03 9.215325e+03 9.216935e+03
10.5 9.222005e+03 9.234876e+03 9.208640e+03 9.195769e+03
11.5 9.267103e+03 9.281396e+03 9.205796e+03 9.191504e+03
12.5 9.296385e+03 9.305987e+03 9.204718e+03 9.195117e+03
13.5 9.307677e+03 9.287694e+03 9.204362e+03 9.224345e+03
0.5 9.128177e+03 9.173375e+03 9.206691e+03 9.161494e+03
1.5 9.167471e+03 9.186095e+03 9.230438e+03 9.211814e+03
2.5 9.208863e+03 9.230381e+03 9.280028e+03 9.258510e+03
3.5 9.253118e+03 9.268804e+03 9.325356e+03 9.309669e+03
4.5 9.269195e+03 9.287432e+03 9.353482e+03 9.335245e+03
5.5 9.290134e+03 9.267855e+03 9.344973e+03 9.367251e+03
6.5 9.241238e+03 9.220141e+03 9.302520e+03 9.323617e+03
7.5 9.174181e+03 9.180161e+03 9.260345e+03 9.254366e+03
8.5 9.170198e+03 9.160267e+03 9.232845e+03 9.242776e+03
9.5 9.193561e+03 9.181203e+03 9.218396e+03 9.230754e+03
10.5 9.231335e+03 9.234662e+03 9.211775e+03 9.208449e+03
11.5 9.275177e+03 9.281208e+03 9.208984e+03 9.202953e+03
12.5 9.311348e+03 9.305817e+03 9.207948e+03 9.213479e+03
13.5 9.315522e+03 9.287539e+03 9.207627e+03 9.235610e+03
0.5 9.177308e+03 9.165694e+03 9.208582e+03 9.220195e+03
1.5 9.180893e+03 9.182486e+03 9.232334e+03 9.230742e+03
2.5 9.231569e+03 9.228876e+03 9.281926e+03 9.284618e+03
3.5 9.254865e+03 9.268269e+03 9.327251e+03 9.313847e+03
4.5 9.285948e+03 9.287306e+03 9.355369e+03 9.354011e+03
5.5 9.284565e+03 9.267887e+03 9.346843e+03 9.363521e+03
6.5 9.234408e+03 9.220237e+03 9.304358e+03 9.318529e+03
7.5 9.172718e+03 9.180201e+03 9.262139e+03 9.254656e+03
8.5 9.173691e+03 9.157941e+03 9.234583e+03 9.250333e+03
9.5 9.234000e+03 9.176769e+03 9.220077e+03 9.277308e+03
10.5 9.302431e+03 9.234250e+03 9.213399e+03 9.281580e+03
11.5 9.330173e+03 9.288805e+03 9.210547e+03 9.251916e+03
12.5 9.357506e+03 9.322644e+03 9.209444e+03 9.244306e+03
13.5 9.355337e+03 9.310708e+03 9.209047e+03 9.253676e+03
0.5 9.168180e+03 9.175606e+03 9.204535e+03 9.197110e+03
1.5 9.139003e+03 9.188472e+03 9.227788e+03 9.178319e+03
2.5 9.187497e+03 9.232915e+03 9.276880e+03 9.231462e+03
3.5 9.265504e+03 9.271502e+03 9.321709e+03 9.315711e+03
4.5 9.297217e+03 9.290295e+03 9.349338e+03 9.356260e+03
5.5 9.250168e+03 9.270879e+03 9.340333e+03 9.319621e+03
6.5 9.154144e+03 9.223317e+03 9.297384e+03 9.228211e+03
7.5 9.167792e+03 9.183511e+03 9.254717e+03 9.238998e+03
8.5 9.197052e+03 9.164403e+03 9.227511e+03 9.260161e+03
9.5 9.218686e+03 9.183898e+03 9.236247e+03 9.271036e+03
10.5 9.178850e+03 9.231697e+03 9.278681e+03 9.225835e+03
11.5 9.246571e+03 9.271829e+03 9.320712e+03 9.295454e+03
12.5 9.324807e+03 9.291293e+03 9.347326e+03 9.380840e+03
13.5 9.296785e+03 9.272157e+03 9.338049e+03 9.362676e+03
0.5 9.197052e+03 9.164403e+03 9.227511e+03 9.260161e+03
1.5 9.218686e+03 9.183898e+03 9.236247e+03 9.271036e+03
2.5 9.178850e+03 9.231697e+03 9.278681e+03 9.225835e+03
3.5 9.246571e+03 9.271829e+03 9.320712e+03 9.295454e+03
4.5 9.324807e+03 9.291293e+03 9.347326e+03 9.380840e+03
5.5 9.296785e+03 9.272157e+03 9.338049e+03 9.362676e+03
6.5 9.227963e+03 9.224712e+03 9.295130e+03 9.298381e+03
7.5 9.172623e+03 9.184905e+03 9.252679e+03 9.240397e+03
8.5 9.163655e+03 9.165154e+03 9.224941e+03 9.223442e+03
9.5 9.205409e+03 9.186230e+03 9.210307e+03 9.229487e+03
10.5 9.288280e+03 9.239858e+03 9.203560e+03 9.251982e+03
11.5 9.289908e+03 9.286608e+03 9.200704e+03 9.204004e+03
12.5 9.279364e+03 9.311444e+03 9.199665e+03 9.167585e+03
13.5 9.274871e+03 9.293379e+03 9.199389e+03 9.180880e+03
