0.5 1.008075e+04 1.012361e+04 1.019547e+04 1.015260e+04
1.5 1.023482e+04 1.021400e+04 1.026451e+04 1.028533e+04
2.5 1.036309e+04 1.036207e+04 1.040676e+04 1.040778e+04
3.5 1.042862e+04 1.047409e+04 1.053682e+04 1.049134e+04
4.5 1.042713e+04 1.051963e+04 1.061798e+04 1.052548e+04
5.5 1.048144e+04 1.045273e+04 1.059511e+04 1.062382e+04
6.5 1.030807e+04 1.031110e+04 1.047583e+04 1.047281e+04
7.5 1.012928e+04 1.019833e+04 1.035722e+04 1.028818e+04
8.5 1.004807e+04 1.015585e+04 1.028013e+04 1.017234e+04
9.5 1.020646e+04 1.023764e+04 1.023997e+04 1.020880e+04
10.5 1.041671e+04 1.039273e+04 1.022194e+04 1.024592e+04
11.5 1.047616e+04 1.050596e+04 1.021470e+04 1.018490e+04
12.5 1.053792e+04 1.054248e+04 1.021234e+04 1.020779e+04
13.5 1.049971e+04 1.045390e+04 1.021193e+04 1.025774e+04
0.5 1.004400e+04 1.010106e+04 1.020933e+04 1.015227e+04
1.5 1.022262e+04 1.017167e+04 1.027573e+04 1.032668e+04
2.5 1.035415e+04 1.031315e+04 1.041544e+04 1.045645e+04
3.5 1.045845e+04 1.042430e+04 1.054306e+04 1.057722e+04
4.5 1.055018e+04 1.047138e+04 1.062188e+04 1.070068e+04
5.5 1.043034e+04 1.040685e+04 1.059677e+04 1.062027e+04
6.5 1.029160e+04 1.026775e+04 1.047536e+04 1.049922e+04
7.5 1.016641e+04 1.015753e+04 1.035473e+04 1.036360e+04
8.5 1.009327e+04 1.011737e+04 1.027572e+04 1.025163e+04
9.5 1.023100e+04 1.020134e+04 1.023377e+04 1.026344e+04
10.5 1.039155e+04 1.035856e+04 1.021406e+04 1.024705e+04
11.5 1.045208e+04 1.047389e+04 1.020525e+04 1.018344e+04
12.5 1.049574e+04 1.051246e+04 1.020144e+04 1.018472e+04
13.5 1.045150e+04 1.042585e+04 1.019969e+04 1.022534e+04
0.5 1.003901e+04 1.010421e+04 1.019989e+04 1.013468e+04
1.5 1.018273e+04 1.017094e+04 1.026642e+04 1.027821e+04
2.5 1.026659e+04 1.031150e+04 1.040627e+04 1.036136e+04
3.5 1.035913e+04 1.042260e+04 1.053405e+04 1.047059e+04
4.5 1.041011e+04 1.046989e+04 1.061306e+04 1.055328e+04
5.5 1.045581e+04 1.040558e+04 1.058816e+04 1.063840e+04
6.5 1.030673e+04 1.026669e+04 1.046697e+04 1.050701e+04
7.5 1.011277e+04 1.015640e+04 1.034656e+04 1.030294e+04
8.5 1.011950e+04 1.010682e+04 1.026778e+04 1.028045e+04
9.5 1.016023e+04 1.015307e+04 1.022605e+04 1.023320e+04
10.5 1.032553e+04 1.026147e+04 1.020656e+04 1.027063e+04
11.5 1.031273e+04 1.034767e+04 1.019797e+04 1.016302e+04
12.5 1.031512e+04 1.038348e+04 1.019437e+04 1.012601e+04
13.5 1.033593e+04 1.033063e+04 1.019282e+04 1.019813e+04
0.5 1.013391e+04 1.010341e+04 1.019056e+04 1.022107e+04
1.5 1.029078e+04 1.017012e+04 1.025756e+04 1.037821e+04
2.5 1.035257e+04 1.031063e+04 1.039788e+04 1.043982e+04
3.5 1.034593e+04 1.042164e+04 1.052613e+04 1.045042e+04
4.5 1.047570e+04 1.046883e+04 1.060560e+04 1.061246e+04
5.5 1.051696e+04 1.040442e+04 1.058116e+04 1.069371e+04
6.5 1.030781e+04 1.026545e+04 1.046043e+04 1.050279e+04
7.5 1.002671e+04 1.015516e+04 1.034049e+04 1.021205e+04
8.5 1.003978e+04 1.010820e+04 1.026440e+04 1.019598e+04
9.5 1.016606e+04 1.017260e+04 1.029023e+04 1.028369e+04
10.5 1.027104e+04 1.031146e+04 1.041162e+04 1.037120e+04
11.5 1.039800e+04 1.042160e+04 1.053182e+04 1.050822e+04
12.5 1.043945e+04 1.046836e+04 1.060823e+04 1.057931e+04
13.5 1.041577e+04 1.040377e+04 1.058276e+04 1.059476e+04
0.5 1.003978e+04 1.010820e+04 1.026440e+04 1.019598e+04
1.5 1.016606e+04 1.017260e+04 1.029023e+04 1.028369e+04
2.5 1.027104e+04 1.031146e+04 1.041162e+04 1.037120e+04
3.5 1.039800e+04 1.042160e+04 1.053182e+04 1.050822e+04
4.5 1.043945e+04 1.046836e+04 1.060823e+04 1.057931e+04
5.5 1.041577e+04 1.040377e+04 1.058276e+04 1.059476e+04
6.5 1.018465e+04 1.026471e+04 1.046179e+04 1.038173e+04
7.5 1.004081e+04 1.015429e+04 1.034205e+04 1.022857e+04
8.5 1.004143e+04 1.010463e+04 1.026395e+04 1.020075e+04
9.5 1.020974e+04 1.015078e+04 1.022291e+04 1.028186e+04
10.5 1.032297e+04 1.025904e+04 1.020412e+04 1.026805e+04
11.5 1.034945e+04 1.034509e+04 1.019623e+04 1.020059e+04
12.5 1.038556e+04 1.038074e+04 1.019335e+04 1.019816e+04
13.5 1.045251e+04 1.032774e+04 1.019251e+04 1.031729e+04
0.5 1.014572e+04 1.009340e+04 1.020275e+04 1.025507e+04
1.5 1.023466e+04 1.016429e+04 1.027024e+04 1.034061e+04
2.5 1.045676e+04 1.030598e+04 1.041103e+04 1.056180e+04
3.5 1.045911e+04 1.041731e+04 1.053971e+04 1.058151e+04
4.5 1.049292e+04 1.046454e+04 1.061960e+04 1.064799e+04
5.5 1.046631e+04 1.040013e+04 1.059556e+04 1.066174e+04
6.5 1.038866e+04 1.026118e+04 1.047522e+04 1.060270e+04
7.5 1.020103e+04 1.015114e+04 1.035566e+04 1.040556e+04
8.5 1.013354e+04 1.011116e+04 1.027773e+04 1.030011e+04
9.5 1.021476e+04 1.019530e+04 1.023682e+04 1.025628e+04
10.5 1.035565e+04 1.035268e+04 1.021813e+04 1.022111e+04
11.5 1.044337e+04 1.046813e+04 1.021030e+04 1.018554e+04
12.5 1.053414e+04 1.050680e+04 1.020746e+04 1.023480e+04
13.5 1.049602e+04 1.042030e+04 1.020666e+04 1.028237e+04
0.5 1.011298e+04 1.010095e+04 1.021404e+04 1.022606e+04
1.5 1.011701e+04 1.016805e+04 1.028172e+04 1.023068e+04
2.5 1.021127e+04 1.030897e+04 1.042274e+04 1.032504e+04
3.5 1.031887e+04 1.042041e+04 1.055168e+04 1.045014e+04
4.5 1.044311e+04 1.046805e+04 1.063184e+04 1.060691e+04
5.5 1.040842e+04 1.040408e+04 1.060808e+04 1.061242e+04
6.5 1.023522e+04 1.026556e+04 1.048804e+04 1.045770e+04
7.5 1.011559e+04 1.015566e+04 1.036879e+04 1.032871e+04
8.5 1.012467e+04 1.010651e+04 1.029117e+04 1.030932e+04
9.5 1.010369e+04 1.015320e+04 1.025061e+04 1.020110e+04
10.5 1.020284e+04 1.026203e+04 1.023230e+04 1.017310e+04
11.5 1.030846e+04 1.034867e+04 1.022488e+04 1.018468e+04
12.5 1.042474e+04 1.038490e+04 1.022248e+04 1.026232e+04
13.5 1.027031e+04 1.033245e+04 1.022212e+04 1.015998e+04
0.5 1.011470e+04 1.011208e+04 1.023860e+04 1.024122e+04
1.5 1.012831e+04 1.017889e+04 1.030620e+04 1.025562e+04
2.5 1.037700e+04 1.031960e+04 1.044703e+04 1.050442e+04
