0.5 9.310998e+03 9.355396e+03 9.420522e+03 9.376124e+03
1.5 9.347226e+03 9.371361e+03 9.427330e+03 9.403195e+03
2.5 9.455793e+03 9.419468e+03 9.430335e+03 9.466660e+03
3.5 9.503416e+03 9.460984e+03 9.427326e+03 9.469757e+03
4.5 9.485816e+03 9.481492e+03 9.419799e+03 9.424122e+03
5.5 9.438620e+03 9.461478e+03 9.409946e+03 9.387087e+03
6.5 9.381861e+03 9.410877e+03 9.405265e+03 9.376249e+03
7.5 9.301667e+03 9.367658e+03 9.407378e+03 9.341388e+03
8.5 9.291453e+03 9.346034e+03 9.411272e+03 9.356691e+03
9.5 9.341782e+03 9.369469e+03 9.414205e+03 9.386519e+03
10.5 9.428700e+03 9.428353e+03 9.415846e+03 9.416193e+03
11.5 9.467598e+03 9.479022e+03 9.416636e+03 9.405212e+03
12.5 9.478844e+03 9.505048e+03 9.416989e+03 9.390784e+03
13.5 9.474475e+03 9.483513e+03 9.417134e+03 9.408096e+03
0.5 9.323775e+03 9.347433e+03 9.420641e+03 9.396983e+03
1.5 9.357879e+03 9.363808e+03 9.427441e+03 9.421512e+03
2.5 9.416666e+03 9.412311e+03 9.430440e+03 9.434796e+03
3.5 9.448614e+03 9.454216e+03 9.427426e+03 9.421824e+03
4.5 9.468450e+03 9.475105e+03 9.419893e+03 9.413239e+03
5.5 9.461789e+03 9.455459e+03 9.410035e+03 9.416365e+03
6.5 9.406823e+03 9.405206e+03 9.405348e+03 9.406965e+03
7.5 9.338716e+03 9.362225e+03 9.407456e+03 9.383948e+03
8.5 9.324780e+03 9.338272e+03 9.411345e+03 9.397853e+03
9.5 9.360049e+03 9.357022e+03 9.414273e+03 9.417299e+03
10.5 9.438759e+03 9.414779e+03 9.415908e+03 9.439888e+03
11.5 9.492406e+03 9.469047e+03 9.416693e+03 9.440052e+03
12.5 9.509107e+03 9.501939e+03 9.417041e+03 9.424209e+03
13.5 9.451782e+03 9.488385e+03 9.417181e+03 9.380579e+03
0.5 9.333672e+03 9.348831e+03 9.420694e+03 9.405535e+03
1.5 9.384222e+03 9.362835e+03 9.427493e+03 9.448879e+03
2.5 9.465343e+03 9.410145e+03 9.430490e+03 9.485687e+03
3.5 9.466658e+03 9.451606e+03 9.427473e+03 9.442525e+03
4.5 9.461871e+03 9.472424e+03 9.419938e+03 9.409385e+03
5.5 9.476541e+03 9.452876e+03 9.410078e+03 9.433743e+03
6.5 9.440520e+03 9.402774e+03 9.405390e+03 9.443135e+03
7.5 9.364028e+03 9.360045e+03 9.407605e+03 9.411587e+03
8.5 9.342325e+03 9.338665e+03 9.414796e+03 9.418455e+03
9.5 9.341087e+03 9.357968e+03 9.424520e+03 9.407639e+03
10.5 9.382942e+03 9.407945e+03 9.429151e+03 9.404149e+03
11.5 9.458763e+03 9.450613e+03 9.426918e+03 9.435068e+03
12.5 9.480133e+03 9.471934e+03 9.419730e+03 9.427929e+03
13.5 9.448835e+03 9.452583e+03 9.410009e+03 9.406261e+03
0.5 9.342325e+03 9.338665e+03 9.414796e+03 9.418455e+03
1.5 9.341087e+03 9.357968e+03 9.424520e+03 9.407639e+03
2.5 9.382942e+03 9.407945e+03 9.429151e+03 9.404149e+03
3.5 9.458763e+03 9.450613e+03 9.426918e+03 9.435068e+03
4.5 9.480133e+03 9.471934e+03 9.419730e+03 9.427929e+03
5.5 9.448835e+03 9.452583e+03 9.410009e+03 9.406261e+03
6.5 9.391445e+03 9.402570e+03 9.405382e+03 9.394257e+03
7.5 9.349665e+03 9.359878e+03 9.407511e+03 9.397298e+03
8.5 9.334863e+03 9.338748e+03 9.411399e+03 9.407514e+03
9.5 9.369791e+03 9.362640e+03 9.414326e+03 9.421477e+03
10.5 9.410981e+03 9.421948e+03 9.415962e+03 9.404995e+03
11.5 9.457629e+03 9.473015e+03 9.416746e+03 9.401360e+03
12.5 9.493306e+03 9.499418e+03 9.417095e+03 9.410983e+03
13.5 9.500558e+03 9.478244e+03 9.417235e+03 9.439549e+03
0.5 9.301435e+03 9.348113e+03 9.420736e+03 9.374057e+03
1.5 9.345221e+03 9.362128e+03 9.427533e+03 9.410625e+03
2.5 9.386046e+03 9.409438e+03 9.430529e+03 9.407137e+03
3.5 9.428698e+03 9.450889e+03 9.427511e+03 9.405319e+03
4.5 9.447540e+03 9.471694e+03 9.419976e+03 9.395822e+03
5.5 9.471521e+03 9.452135e+03 9.410116e+03 9.429501e+03
6.5 9.424186e+03 9.402032e+03 9.405428e+03 9.427583e+03
7.5 9.353922e+03 9.359311e+03 9.407535e+03 9.402146e+03
8.5 9.349657e+03 9.338167e+03 9.411421e+03 9.422910e+03
9.5 9.374774e+03 9.362061e+03 9.414345e+03 9.427058e+03
10.5 9.419666e+03 9.421373e+03 9.415977e+03 9.414270e+03
11.5 9.464647e+03 9.472439e+03 9.416758e+03 9.408966e+03
12.5 9.507355e+03 9.498835e+03 9.417104e+03 9.425624e+03
13.5 9.513152e+03 9.477649e+03 9.417243e+03 9.452746e+03
0.5 9.353188e+03 9.342552e+03 9.420737e+03 9.431374e+03
1.5 9.359236e+03 9.359224e+03 9.427534e+03 9.427546e+03
2.5 9.410312e+03 9.407998e+03 9.430528e+03 9.432843e+03
3.5 9.436567e+03 9.450145e+03 9.427509e+03 9.413931e+03
4.5 9.468644e+03 9.471252e+03 9.419971e+03 9.417364e+03
5.5 9.468534e+03 9.451810e+03 9.410108e+03 9.426832e+03
6.5 9.415028e+03 9.401760e+03 9.405417e+03 9.418685e+03
7.5 9.350225e+03 9.358981e+03 9.407520e+03 9.398765e+03
8.5 9.352271e+03 9.335229e+03 9.411405e+03 9.428446e+03
9.5 9.414346e+03 9.354168e+03 9.414328e+03 9.474506e+03
10.5 9.481933e+03 9.412095e+03 9.415960e+03 9.485798e+03
11.5 9.510691e+03 9.466509e+03 9.416740e+03 9.460921e+03
12.5 9.536960e+03 9.499529e+03 9.417084e+03 9.454515e+03
13.5 9.534841e+03 9.486094e+03 9.417219e+03 9.465966e+03
0.5 9.340755e+03 9.349559e+03 9.420599e+03 9.411795e+03
1.5 9.313638e+03 9.363736e+03 9.427396e+03 9.377298e+03
2.5 9.362727e+03 9.411221e+03 9.430391e+03 9.381897e+03
3.5 9.444043e+03 9.452854e+03 9.427373e+03 9.418562e+03
4.5 9.480767e+03 9.473842e+03 9.419839e+03 9.426764e+03
5.5 9.433366e+03 9.454461e+03 9.409979e+03 9.388884e+03
6.5 9.332444e+03 9.404527e+03 9.405292e+03 9.333210e+03
7.5 9.343818e+03 9.361970e+03 9.407510e+03 9.389359e+03
8.5 9.374757e+03 9.340782e+03 9.414705e+03 9.448680e+03
9.5 9.397171e+03 9.360280e+03 9.424433e+03 9.461324e+03
10.5 9.358724e+03 9.410460e+03 9.429069e+03 9.377332e+03
11.5 9.426849e+03 9.453334e+03 9.426841e+03 9.400356e+03
12.5 9.512615e+03 9.474863e+03 9.419660e+03 9.457411e+03
13.5 9.483444e+03 9.455707e+03 9.409946e+03 9.437683e+03
0.5 9.374757e+03 9.340782e+03 9.414705e+03 9.448680e+03
1.5 9.397171e+03 9.360280e+03 9.424433e+03 9.461324e+03
2.5 9.358724e+03 9.410460e+03 9.429069e+03 9.377332e+03
3.5 9.426849e+03 9.453334e+03 9.426841e+03 9.400356e+03
4.5 9.512615e+03 9.474863e+03 9.419660e+03 9.457411e+03
5.5 9.483444e+03 9.455707e+03 9.409946e+03 9.437683e+03
6.5 9.410339e+03 9.405863e+03 9.405328e+03 9.409803e+03
7.5 9.348249e+03 9.363319e+03 9.407466e+03 9.392396e+03
8.5 9.337020e+03 9.342326e+03 9.411365e+03 9.406059e+03
9.5 9.385225e+03 9.366367e+03 9.414305e+03 9.433163e+03
10.5 9.475672e+03 9.425858e+03 9.415953e+03 9.465767e+03
11.5 9.477273e+03 9.477137e+03 9.416752e+03 9.416889e+03
12.5 9.464663e+03 9.503767e+03 9.417113e+03 9.378010e+03
13.5 9.458243e+03 9.482801e+03 9.417262e+03 9.392705e+03
