0.5 9.828915e+03 9.874200e+03 9.881481e+03 9.836197e+03
1.5 9.789176e+03 9.865102e+03 9.878796e+03 9.802870e+03
2.5 9.836477e+03 9.856304e+03 9.873091e+03 9.853264e+03
3.5 9.835495e+03 9.851650e+03 9.867880e+03 9.851725e+03
4.5 9.836433e+03 9.851496e+03 9.864673e+03 9.849609e+03
5.5 9.821229e+03 9.856866e+03 9.865737e+03 9.830100e+03
6.5 9.852105e+03 9.863937e+03 9.870760e+03 9.858928e+03
7.5 9.850213e+03 9.867866e+03 9.875747e+03 9.858094e+03
8.5 9.818667e+03 9.866953e+03 9.879020e+03 9.830734e+03
9.5 9.845759e+03 9.864208e+03 9.880766e+03 9.862317e+03
10.5 9.897507e+03 9.866110e+03 9.881594e+03 9.912991e+03
11.5 9.831651e+03 9.872097e+03 9.881972e+03 9.841527e+03
12.5 9.844570e+03 9.880031e+03 9.882142e+03 9.846682e+03
13.5 9.873474e+03 9.886680e+03 9.882226e+03 9.869020e+03
0.5 9.808633e+03 9.874638e+03 9.882242e+03 9.816237e+03
1.5 9.779951e+03 9.865371e+03 9.879510e+03 9.794091e+03
2.5 9.783967e+03 9.856414e+03 9.873762e+03 9.801315e+03
3.5 9.778319e+03 9.851614e+03 9.868509e+03 9.795214e+03
4.5 9.854805e+03 9.851326e+03 9.865262e+03 9.868740e+03
5.5 9.843806e+03 9.856573e+03 9.866288e+03 9.853521e+03
6.5 9.880374e+03 9.863533e+03 9.871276e+03 9.888116e+03
7.5 9.822602e+03 9.867370e+03 9.876230e+03 9.831461e+03
8.5 9.873446e+03 9.866941e+03 9.879472e+03 9.885977e+03
9.5 9.828296e+03 9.872838e+03 9.881189e+03 9.836647e+03
10.5 9.920300e+03 9.891870e+03 9.881991e+03 9.910421e+03
11.5 9.932971e+03 9.912973e+03 9.882345e+03 9.902343e+03
12.5 9.962121e+03 9.929725e+03 9.882493e+03 9.914889e+03
13.5 9.948839e+03 9.932455e+03 9.882556e+03 9.898941e+03
0.5 9.934082e+03 9.881215e+03 9.882679e+03 9.935545e+03
1.5 9.909148e+03 9.867246e+03 9.879925e+03 9.921828e+03
2.5 9.864593e+03 9.856148e+03 9.874156e+03 9.882601e+03
3.5 9.864329e+03 9.850444e+03 9.868883e+03 9.882768e+03
4.5 9.878489e+03 9.849817e+03 9.865618e+03 9.894290e+03
5.5 9.863410e+03 9.854956e+03 9.866627e+03 9.875081e+03
6.5 9.884696e+03 9.861897e+03 9.871597e+03 9.894397e+03
7.5 9.881882e+03 9.865791e+03 9.876535e+03 9.892626e+03
8.5 9.905024e+03 9.865653e+03 9.879670e+03 9.919041e+03
9.5 9.865021e+03 9.860182e+03 9.878613e+03 9.883452e+03
10.5 9.922507e+03 9.853073e+03 9.873625e+03 9.943059e+03
11.5 9.903745e+03 9.849107e+03 9.868687e+03 9.923325e+03
12.5 9.876144e+03 9.849176e+03 9.865550e+03 9.892518e+03
13.5 9.875428e+03 9.854580e+03 9.866604e+03 9.887452e+03
0.5 9.905024e+03 9.865653e+03 9.879670e+03 9.919041e+03
1.5 9.865021e+03 9.860182e+03 9.878613e+03 9.883452e+03
2.5 9.922507e+03 9.853073e+03 9.873625e+03 9.943059e+03
3.5 9.903745e+03 9.849107e+03 9.868687e+03 9.923325e+03
4.5 9.876144e+03 9.849176e+03 9.865550e+03 9.892518e+03
5.5 9.875428e+03 9.854580e+03 9.866604e+03 9.887452e+03
6.5 9.831955e+03 9.861622e+03 9.871587e+03 9.841920e+03
7.5 9.840004e+03 9.865491e+03 9.876519e+03 9.851032e+03
8.5 9.785765e+03 9.864521e+03 9.879738e+03 9.800982e+03
9.5 9.858033e+03 9.861728e+03 9.881433e+03 9.877738e+03
10.5 9.876879e+03 9.863590e+03 9.882213e+03 9.895502e+03
11.5 9.864432e+03 9.869545e+03 9.882545e+03 9.877432e+03
12.5 9.881775e+03 9.877458e+03 9.882671e+03 9.886989e+03
13.5 9.863433e+03 9.884095e+03 9.882713e+03 9.862051e+03
0.5 9.831036e+03 9.880342e+03 9.882441e+03 9.833135e+03
1.5 9.804437e+03 9.866429e+03 9.879670e+03 9.817677e+03
2.5 9.892354e+03 9.855390e+03 9.873883e+03 9.910847e+03
3.5 9.875920e+03 9.849744e+03 9.868594e+03 9.894770e+03
4.5 9.833557e+03 9.849176e+03 9.865312e+03 9.849693e+03
5.5 9.896102e+03 9.854373e+03 9.866305e+03 9.908034e+03
6.5 9.894041e+03 9.861371e+03 9.871259e+03 9.903929e+03
7.5 9.871182e+03 9.865285e+03 9.876180e+03 9.882076e+03
8.5 9.890795e+03 9.864364e+03 9.879389e+03 9.905820e+03
9.5 9.816284e+03 9.861631e+03 9.881075e+03 9.835728e+03
10.5 9.841294e+03 9.863559e+03 9.881848e+03 9.859582e+03
11.5 9.847677e+03 9.869583e+03 9.882173e+03 9.860267e+03
12.5 9.890827e+03 9.877564e+03 9.882294e+03 9.895557e+03
13.5 9.860604e+03 9.884269e+03 9.882332e+03 9.858666e+03
0.5 9.841683e+03 9.872448e+03 9.882220e+03 9.851454e+03
1.5 9.859627e+03 9.863267e+03 9.879449e+03 9.875809e+03
2.5 9.859753e+03 9.854397e+03 9.873662e+03 9.879018e+03
3.5 9.896072e+03 9.849685e+03 9.868373e+03 9.914760e+03
4.5 9.855106e+03 9.849487e+03 9.865092e+03 9.870712e+03
5.5 9.823303e+03 9.854825e+03 9.866087e+03 9.834564e+03
6.5 9.850852e+03 9.861879e+03 9.871044e+03 9.860017e+03
7.5 9.842830e+03 9.865812e+03 9.875971e+03 9.852989e+03
8.5 9.889975e+03 9.865484e+03 9.879186e+03 9.903677e+03
9.5 9.898391e+03 9.871485e+03 9.880879e+03 9.907785e+03
10.5 9.923051e+03 9.890623e+03 9.881658e+03 9.914086e+03
11.5 9.899172e+03 9.911833e+03 9.881991e+03 9.869329e+03
12.5 9.936085e+03 9.928694e+03 9.882120e+03 9.889511e+03
13.5 9.917624e+03 9.931531e+03 9.882166e+03 9.868258e+03
0.5 9.913829e+03 9.884064e+03 9.882692e+03 9.912458e+03
1.5 9.874859e+03 9.870309e+03 9.879979e+03 9.884529e+03
2.5 9.836930e+03 9.859430e+03 9.874251e+03 9.851750e+03
3.5 9.877340e+03 9.853947e+03 9.869020e+03 9.892413e+03
4.5 9.869808e+03 9.853542e+03 9.865796e+03 9.882062e+03
5.5 9.865855e+03 9.858901e+03 9.866847e+03 9.873801e+03
6.5 9.785696e+03 9.866060e+03 9.871858e+03 9.791495e+03
7.5 9.850046e+03 9.870167e+03 9.876837e+03 9.856716e+03
8.5 9.855897e+03 9.870239e+03 9.880011e+03 9.865670e+03
9.5 9.869084e+03 9.864975e+03 9.878992e+03 9.883101e+03
10.5 9.786335e+03 9.858073e+03 9.874041e+03 9.802302e+03
11.5 9.833625e+03 9.854312e+03 9.869136e+03 9.848449e+03
12.5 9.877819e+03 9.854584e+03 9.866031e+03 9.889266e+03
13.5 9.831137e+03 9.860182e+03 9.867113e+03 9.838068e+03
0.5 9.855897e+03 9.870239e+03 9.880011e+03 9.865670e+03
1.5 9.869084e+03 9.864975e+03 9.878992e+03 9.883101e+03
2.5 9.786335e+03 9.858073e+03 9.874041e+03 9.802302e+03
3.5 9.833625e+03 9.854312e+03 9.869136e+03 9.848449e+03
4.5 9.877819e+03 9.854584e+03 9.866031e+03 9.889266e+03
5.5 9.831137e+03 9.860182e+03 9.867113e+03 9.838068e+03
6.5 9.853896e+03 9.867404e+03 9.872121e+03 9.858614e+03
7.5 9.887735e+03 9.871435e+03 9.877075e+03 9.893375e+03
8.5 9.887020e+03 9.870610e+03 9.880311e+03 9.896721e+03
9.5 9.898565e+03 9.867951e+03 9.882019e+03 9.912633e+03
10.5 9.880258e+03 9.869943e+03 9.882806e+03 9.893121e+03
11.5 9.882348e+03 9.876024e+03 9.883139e+03 9.889463e+03
12.5 9.905570e+03 9.884057e+03 9.883261e+03 9.904774e+03
13.5 9.878697e+03 9.890805e+03 9.883293e+03 9.871185e+03
