0.5 9.218870e+03 9.166729e+03 9.236771e+03 9.288912e+03
1.5 9.234700e+03 9.195678e+03 9.237321e+03 9.276343e+03
2.5 9.243839e+03 9.256858e+03 9.237548e+03 9.224529e+03
3.5 9.279142e+03 9.312202e+03 9.237280e+03 9.204220e+03
4.5 9.280144e+03 9.345568e+03 9.236648e+03 9.171224e+03
5.5 9.318764e+03 9.332701e+03 9.235838e+03 9.221900e+03
6.5 9.289198e+03 9.277622e+03 9.235467e+03 9.247043e+03
7.5 9.196638e+03 9.223612e+03 9.235655e+03 9.208681e+03
8.5 9.139546e+03 9.191812e+03 9.235985e+03 9.183719e+03
9.5 9.187936e+03 9.205193e+03 9.236231e+03 9.218974e+03
10.5 9.262096e+03 9.254415e+03 9.236367e+03 9.244048e+03
11.5 9.297811e+03 9.298573e+03 9.236432e+03 9.235669e+03
12.5 9.312397e+03 9.321703e+03 9.236460e+03 9.227154e+03
13.5 9.323968e+03 9.302362e+03 9.236471e+03 9.258076e+03
0.5 9.147109e+03 9.160848e+03 9.236747e+03 9.223008e+03
1.5 9.180109e+03 9.179456e+03 9.237298e+03 9.237952e+03
2.5 9.261727e+03 9.236736e+03 9.237526e+03 9.262518e+03
3.5 9.316213e+03 9.291110e+03 9.237260e+03 9.262363e+03
4.5 9.335052e+03 9.324787e+03 9.236629e+03 9.246894e+03
5.5 9.278696e+03 9.312698e+03 9.235820e+03 9.201817e+03
6.5 9.265217e+03 9.258531e+03 9.235450e+03 9.242136e+03
7.5 9.235993e+03 9.205474e+03 9.235640e+03 9.266159e+03
8.5 9.198715e+03 9.174539e+03 9.235971e+03 9.260147e+03
9.5 9.210453e+03 9.188736e+03 9.236218e+03 9.257935e+03
10.5 9.270236e+03 9.238750e+03 9.236355e+03 9.267841e+03
11.5 9.293723e+03 9.283688e+03 9.236421e+03 9.246456e+03
12.5 9.304477e+03 9.307584e+03 9.236450e+03 9.233343e+03
13.5 9.276547e+03 9.288987e+03 9.236462e+03 9.224022e+03
0.5 9.138205e+03 9.163634e+03 9.236750e+03 9.211321e+03
1.5 9.178258e+03 9.179802e+03 9.237301e+03 9.235757e+03
2.5 9.239706e+03 9.235950e+03 9.237529e+03 9.241285e+03
3.5 9.313001e+03 9.289880e+03 9.237263e+03 9.260383e+03
4.5 9.305160e+03 9.323436e+03 9.236631e+03 9.218355e+03
5.5 9.309100e+03 9.311362e+03 9.235823e+03 9.233561e+03
6.5 9.249767e+03 9.257257e+03 9.235453e+03 9.227963e+03
7.5 9.198704e+03 9.204308e+03 9.235643e+03 9.230039e+03
8.5 9.163574e+03 9.174086e+03 9.235974e+03 9.225462e+03
9.5 9.209452e+03 9.186764e+03 9.236221e+03 9.258909e+03
10.5 9.285228e+03 9.231018e+03 9.236358e+03 9.290568e+03
11.5 9.283475e+03 9.269418e+03 9.236424e+03 9.250481e+03
12.5 9.279121e+03 9.288025e+03 9.236453e+03 9.227549e+03
13.5 9.291889e+03 9.268426e+03 9.236465e+03 9.259928e+03
0.5 9.159235e+03 9.162652e+03 9.236755e+03 9.233338e+03
1.5 9.217518e+03 9.178878e+03 9.237306e+03 9.275946e+03
2.5 9.250640e+03 9.235073e+03 9.237534e+03 9.253101e+03
3.5 9.256998e+03 9.289039e+03 9.237268e+03 9.205227e+03
4.5 9.291805e+03 9.322623e+03 9.236636e+03 9.205818e+03
5.5 9.331869e+03 9.310577e+03 9.235827e+03 9.257120e+03
6.5 9.302281e+03 9.256505e+03 9.235458e+03 9.281234e+03
7.5 9.168359e+03 9.203487e+03 9.235657e+03 9.200528e+03
8.5 9.092541e+03 9.170285e+03 9.236259e+03 9.158516e+03
9.5 9.152968e+03 9.182469e+03 9.237057e+03 9.207557e+03
10.5 9.226492e+03 9.236586e+03 9.237422e+03 9.227328e+03
11.5 9.258048e+03 9.289603e+03 9.237222e+03 9.205667e+03
12.5 9.270023e+03 9.322789e+03 9.236619e+03 9.183852e+03
13.5 9.275625e+03 9.310593e+03 9.235822e+03 9.200854e+03
0.5 9.092541e+03 9.170285e+03 9.236259e+03 9.158516e+03
1.5 9.152968e+03 9.182469e+03 9.237057e+03 9.207557e+03
2.5 9.226492e+03 9.236586e+03 9.237422e+03 9.227328e+03
3.5 9.258048e+03 9.289603e+03 9.237222e+03 9.205667e+03
4.5 9.270023e+03 9.322789e+03 9.236619e+03 9.183852e+03
5.5 9.275625e+03 9.310593e+03 9.235822e+03 9.200854e+03
6.5 9.237228e+03 9.256466e+03 9.235457e+03 9.216219e+03
7.5 9.162439e+03 9.203548e+03 9.235649e+03 9.194540e+03
8.5 9.128177e+03 9.173375e+03 9.235980e+03 9.190782e+03
9.5 9.167471e+03 9.186095e+03 9.236227e+03 9.217603e+03
10.5 9.208863e+03 9.230381e+03 9.236364e+03 9.214846e+03
11.5 9.253118e+03 9.268804e+03 9.236430e+03 9.220743e+03
12.5 9.269195e+03 9.287432e+03 9.236459e+03 9.218222e+03
13.5 9.290134e+03 9.267855e+03 9.236470e+03 9.258749e+03
0.5 9.173691e+03 9.157941e+03 9.236757e+03 9.252507e+03
1.5 9.234000e+03 9.176769e+03 9.237308e+03 9.294539e+03
2.5 9.302431e+03 9.234250e+03 9.237535e+03 9.305717e+03
3.5 9.330173e+03 9.288805e+03 9.237269e+03 9.278638e+03
4.5 9.357506e+03 9.322644e+03 9.236638e+03 9.271500e+03
5.5 9.355337e+03 9.310708e+03 9.235828e+03 9.280457e+03
6.5 9.332638e+03 9.256698e+03 9.235459e+03 9.311399e+03
7.5 9.267238e+03 9.203804e+03 9.235648e+03 9.299082e+03
8.5 9.196492e+03 9.173036e+03 9.235979e+03 9.259435e+03
9.5 9.205989e+03 9.187395e+03 9.236226e+03 9.254820e+03
10.5 9.248028e+03 9.237555e+03 9.236363e+03 9.246836e+03
11.5 9.274401e+03 9.282622e+03 9.236428e+03 9.228207e+03
12.5 9.288658e+03 9.306634e+03 9.236457e+03 9.218481e+03
13.5 9.295099e+03 9.288148e+03 9.236469e+03 9.243420e+03
0.5 9.178263e+03 9.163790e+03 9.236757e+03 9.251230e+03
1.5 9.156889e+03 9.180137e+03 9.237308e+03 9.214060e+03
2.5 9.172018e+03 9.236460e+03 9.237536e+03 9.173093e+03
3.5 9.253526e+03 9.290559e+03 9.237270e+03 9.200237e+03
4.5 9.338975e+03 9.324276e+03 9.236638e+03 9.251337e+03
5.5 9.340663e+03 9.312361e+03 9.235829e+03 9.264131e+03
6.5 9.282140e+03 9.258421e+03 9.235459e+03 9.259178e+03
7.5 9.204524e+03 9.205646e+03 9.235649e+03 9.234527e+03
8.5 9.168180e+03 9.175606e+03 9.235980e+03 9.228554e+03
9.5 9.139003e+03 9.188472e+03 9.236227e+03 9.186758e+03
10.5 9.187497e+03 9.232915e+03 9.236364e+03 9.190946e+03
11.5 9.265504e+03 9.271502e+03 9.236429e+03 9.230431e+03
12.5 9.297217e+03 9.290295e+03 9.236458e+03 9.243380e+03
13.5 9.250168e+03 9.270879e+03 9.236470e+03 9.215758e+03
0.5 9.150129e+03 9.168795e+03 9.236753e+03 9.218086e+03
1.5 9.168965e+03 9.185167e+03 9.237303e+03 9.221101e+03
2.5 9.261717e+03 9.241561e+03 9.237530e+03 9.257686e+03
