9.346593e+03 9.395280e+03 9.349992e+03 9.391880e+03
9.356718e+03 9.393782e+03 9.348009e+03 9.402491e+03
9.421693e+03 9.392362e+03 9.346145e+03 9.467909e+03
9.434625e+03 9.391017e+03 9.344441e+03 9.481202e+03
9.401430e+03 9.389747e+03 9.344537e+03 9.446640e+03
9.408817e+03 9.388550e+03 9.374508e+03 9.422859e+03
9.421104e+03 9.387423e+03 9.436496e+03 9.372032e+03
9.455247e+03 9.386366e+03 9.491782e+03 9.349830e+03
9.454205e+03 9.385376e+03 9.524282e+03 9.315299e+03
9.493188e+03 9.384453e+03 9.509820e+03 9.367821e+03
9.463821e+03 9.383609e+03 9.453475e+03 9.393955e+03
9.370016e+03 9.382856e+03 9.399162e+03 9.353710e+03
9.312225e+03 9.383152e+03 9.368166e+03 9.327211e+03
9.363991e+03 9.412071e+03 9.385719e+03 9.390344e+03
9.444993e+03 9.473309e+03 9.441371e+03 9.476930e+03
9.483663e+03 9.529251e+03 9.490271e+03 9.522643e+03
9.500815e+03 9.563739e+03 9.515242e+03 9.549312e+03
9.514081e+03 9.552503e+03 9.492977e+03 9.573607e+03
9.461159e+03 9.498904e+03 9.433965e+03 9.526098e+03
9.345880e+03 9.445688e+03 9.382579e+03 9.408989e+03
9.310998e+03 9.410838e+03 9.355396e+03 9.366439e+03
9.347226e+03 9.392339e+03 9.371361e+03 9.368204e+03
9.455793e+03 9.383667e+03 9.419468e+03 9.419992e+03
9.503416e+03 9.379826e+03 9.460984e+03 9.422258e+03
9.485816e+03 9.378219e+03 9.481492e+03 9.382543e+03
9.438620e+03 9.377545e+03 9.461478e+03 9.354686e+03
9.381861e+03 9.377250e+03 9.410877e+03 9.348234e+03
9.301667e+03 9.377184e+03 9.367658e+03 9.311193e+03
9.291453e+03 9.378118e+03 9.346034e+03 9.323537e+03
9.341782e+03 9.407641e+03 9.369469e+03 9.379954e+03
9.428700e+03 9.469466e+03 9.428353e+03 9.469812e+03
9.467598e+03 9.525991e+03 9.479022e+03 9.514566e+03
9.478844e+03 9.561054e+03 9.505048e+03 9.534849e+03
9.474475e+03 9.550377e+03 9.483513e+03 9.541339e+03
9.419706e+03 9.497317e+03 9.425084e+03 9.491939e+03
9.357430e+03 9.444614e+03 9.374181e+03 9.427863e+03
9.323775e+03 9.410254e+03 9.347433e+03 9.386596e+03
9.357879e+03 9.392219e+03 9.363808e+03 9.386290e+03
9.416666e+03 9.383987e+03 9.412311e+03 9.388343e+03
9.448614e+03 9.380562e+03 9.454216e+03 9.374961e+03
9.468450e+03 9.379348e+03 9.475105e+03 9.372694e+03
9.461789e+03 9.379043e+03 9.455459e+03 9.385373e+03
9.406823e+03 9.379091e+03 9.405206e+03 9.380707e+03
9.338716e+03 9.379338e+03 9.362225e+03 9.355830e+03
9.324780e+03 9.379586e+03 9.338272e+03 9.366094e+03
9.360049e+03 9.379833e+03 9.357022e+03 9.382860e+03
9.438759e+03 9.380085e+03 9.414779e+03 9.404065e+03
9.492406e+03 9.380346e+03 9.469047e+03 9.403705e+03
9.509107e+03 9.380617e+03 9.501939e+03 9.387785e+03
9.451782e+03 9.380895e+03 9.488385e+03 9.344292e+03
9.441668e+03 9.381177e+03 9.433095e+03 9.389750e+03
9.412728e+03 9.381462e+03 9.379879e+03 9.414310e+03
9.376736e+03 9.382716e+03 9.349883e+03 9.409570e+03
9.390805e+03 9.412530e+03 9.368380e+03 9.434956e+03
9.456920e+03 9.474618e+03 9.424946e+03 9.506592e+03
9.487012e+03 9.531378e+03 9.474745e+03 9.543645e+03
9.494981e+03 9.566649e+03 9.500595e+03 9.561035e+03
9.466245e+03 9.556154e+03 9.479181e+03 9.543218e+03
9.404871e+03 9.503250e+03 9.420974e+03 9.487148e+03
9.343912e+03 9.450680e+03 9.370251e+03 9.424341e+03
9.310174e+03 9.416428e+03 9.341346e+03 9.385256e+03
9.351300e+03 9.398480e+03 9.357556e+03 9.392223e+03
9.416910e+03 9.390312e+03 9.414205e+03 9.393018e+03
9.492291e+03 9.386931e+03 9.468059e+03 9.411163e+03
9.484832e+03 9.385741e+03 9.500850e+03 9.369723e+03
9.487027e+03 9.385440e+03 9.487320e+03 9.385147e+03
9.427733e+03 9.385473e+03 9.432096e+03 9.381110e+03
9.372502e+03 9.385685e+03 9.378964e+03 9.379223e+03
9.333672e+03 9.385879e+03 9.348831e+03 9.370720e+03
9.384222e+03 9.386056e+03 9.362835e+03 9.407443e+03
9.465343e+03 9.386224e+03 9.410145e+03 9.441422e+03
9.466658e+03 9.386389e+03 9.451606e+03 9.401441e+03
9.461871e+03 9.386553e+03 9.472424e+03 9.376000e+03
9.476541e+03 9.386713e+03 9.452876e+03 9.410378e+03
9.440520e+03 9.386860e+03 9.402774e+03 9.424606e+03
9.364028e+03 9.386989e+03 9.360045e+03 9.390972e+03
9.342325e+03 9.387090e+03 9.338665e+03 9.390750e+03
9.341087e+03 9.387174e+03 9.357968e+03 9.370293e+03
9.382942e+03 9.387246e+03 9.407945e+03 9.362243e+03
9.458763e+03 9.387315e+03 9.450613e+03 9.395465e+03
9.480133e+03 9.387380e+03 9.471934e+03 9.395579e+03
9.448835e+03 9.387439e+03 9.452583e+03 9.383692e+03
9.391445e+03 9.387490e+03 9.402570e+03 9.376365e+03
9.349665e+03 9.387531e+03 9.359878e+03 9.377318e+03
9.334863e+03 9.388530e+03 9.338748e+03 9.384645e+03
9.369791e+03 9.418076e+03 9.362640e+03 9.425228e+03
9.410981e+03 9.479886e+03 9.421948e+03 9.468918e+03
9.457629e+03 9.536357e+03 9.473015e+03 9.520971e+03
9.493306e+03 9.571330e+03 9.499418e+03 9.565218e+03
9.500558e+03 9.560532e+03 9.478244e+03 9.582846e+03
9.440481e+03 9.507325e+03 9.420162e+03 9.527645e+03
9.365917e+03 9.454452e+03 9.369504e+03 9.450865e+03
9.336255e+03 9.419891e+03 9.340645e+03 9.415501e+03
9.396515e+03 9.401621e+03 9.356894e+03 9.441243e+03
9.429313e+03 9.393115e+03 9.413568e+03 9.408860e+03
9.435096e+03 9.389379e+03 9.467434e+03 9.357040e+03
9.468403e+03 9.387821e+03 9.500231e+03 9.355993e+03
9.508796e+03 9.387144e+03 9.486705e+03 9.409235e+03
9.473424e+03 9.386800e+03 9.431491e+03 9.428733e+03
9.339741e+03 9.386641e+03 9.378289e+03 9.348094e+03
9.268654e+03 9.386471e+03 9.345754e+03 9.309371e+03
9.328244e+03 9.386290e+03 9.359361e+03 9.355174e+03
9.404624e+03 9.386099e+03 9.414587e+03 9.376136e+03
9.434334e+03 9.385897e+03 9.467768e+03 9.352463e+03
9.446970e+03 9.385685e+03 9.500265e+03 9.332390e+03
9.449806e+03 9.385468e+03 9.486621e+03 9.348653e+03
9.410234e+03 9.385245e+03 9.431359e+03 9.364120e+03
9.333294e+03 9.385008e+03 9.378227e+03 9.340075e+03
9.301435e+03 9.384755e+03 9.348113e+03 9.338076e+03
9.345221e+03 9.384478e+03 9.362128e+03 9.367570e+03
9.386046e+03 9.384181e+03 9.409438e+03 9.360789e+03
9.428698e+03 9.383873e+03 9.450889e+03 9.361681e+03
9.447540e+03 9.383558e+03 9.471694e+03 9.359404e+03
9.471521e+03 9.383239e+03 9.452135e+03 9.402625e+03
9.424186e+03 9.382916e+03 9.402032e+03 9.405070e+03
9.353922e+03 9.382588e+03 9.359311e+03 9.377199e+03
9.349657e+03 9.383226e+03 9.338167e+03 9.394715e+03
9.374774e+03 9.412409e+03 9.362061e+03 9.425122e+03
9.419666e+03 9.473864e+03 9.421373e+03 9.472157e+03
9.464647e+03 9.529989e+03 9.472439e+03 9.522197e+03
9.507355e+03 9.564626e+03 9.498835e+03 9.573146e+03
9.513152e+03 9.553498e+03 9.477649e+03 9.589001e+03
9.457011e+03 9.499965e+03 9.419557e+03 9.537419e+03
9.383624e+03 9.446770e+03 9.368983e+03 9.461412e+03
9.353188e+03 9.411900e+03 9.342552e+03 9.422536e+03
9.359236e+03 9.393341e+03 9.359224e+03 9.393353e+03
9.410312e+03 9.384572e+03 9.407998e+03 9.386887e+03
9.436567e+03 9.380600e+03 9.450145e+03 9.367023e+03
9.468644e+03 9.378832e+03 9.471252e+03 9.376224e+03
9.468534e+03 9.377971e+03 9.451810e+03 9.394694e+03
9.415028e+03 9.377472e+03 9.401760e+03 9.390741e+03
9.350225e+03 9.377187e+03 9.358981e+03 9.368432e+03
9.352271e+03 9.376915e+03 9.335229e+03 9.393957e+03
9.414346e+03 9.376650e+03 9.354168e+03 9.436828e+03
9.481933e+03 9.376388e+03 9.412095e+03 9.446226e+03
9.510691e+03 9.376131e+03 9.466509e+03 9.420312e+03
9.536960e+03 9.375883e+03 9.499529e+03 9.413314e+03
9.534841e+03 9.375649e+03 9.486094e+03 9.424396e+03
9.510986e+03 9.375432e+03 9.430927e+03 9.455491e+03
9.442747e+03 9.375232e+03 9.377842e+03 9.440137e+03
9.369877e+03 9.376020e+03 9.347980e+03 9.397917e+03
9.384026e+03 9.405387e+03 9.366608e+03 9.422805e+03
9.431116e+03 9.467047e+03 9.423291e+03 9.474872e+03
9.463988e+03 9.523403e+03 9.473189e+03 9.514202e+03
9.478342e+03 9.558291e+03 9.499126e+03 9.537507e+03
9.482986e+03 9.547437e+03 9.477795e+03 9.552628e+03
9.422452e+03 9.494199e+03 9.419678e+03 9.496972e+03
9.379513e+03 9.441319e+03 9.369145e+03 9.451687e+03
9.366846e+03 9.407751e+03 9.342984e+03 9.431613e+03
9.384223e+03 9.419070e+03 9.364281e+03 9.439012e+03
9.435576e+03 9.472471e+03 9.422444e+03 9.485603e+03
9.484593e+03 9.525357e+03 9.473069e+03 9.536881e+03
9.497692e+03 9.558971e+03 9.499350e+03 9.557314e+03
9.505348e+03 9.547737e+03 9.478183e+03 9.574902e+03
9.448987e+03 9.494459e+03 9.420161e+03 9.523284e+03
9.369579e+03 9.441733e+03 9.369602e+03 9.441711e+03
9.354463e+03 9.407344e+03 9.340851e+03 9.420956e+03
9.332503e+03 9.389278e+03 9.357221e+03 9.364560e+03
9.348697e+03 9.381012e+03 9.414027e+03 9.315683e+03
9.431969e+03 9.377548e+03 9.468029e+03 9.341488e+03
9.515911e+03 9.376291e+03 9.500964e+03 9.391237e+03
9.517389e+03 9.375938e+03 9.487575e+03 9.405752e+03
9.455094e+03 9.375938e+03 9.432499e+03 9.398533e+03
9.378941e+03 9.376136e+03 9.379525e+03 9.375552e+03
9.340755e+03 9.376333e+03 9.349559e+03 9.367528e+03
9.313638e+03 9.376526e+03 9.363736e+03 9.326428e+03
9.362727e+03 9.376715e+03 9.411221e+03 9.328221e+03
9.444043e+03 9.376902e+03 9.452854e+03 9.368091e+03
9.480767e+03 9.377083e+03 9.473842e+03 9.384009e+03
9.433366e+03 9.377258e+03 9.454461e+03 9.356164e+03
9.332444e+03 9.377424e+03 9.404527e+03 9.305342e+03
9.343818e+03 9.377577e+03 9.361970e+03 9.359426e+03
9.374757e+03 9.377715e+03 9.340782e+03 9.411690e+03
9.397171e+03 9.377835e+03 9.360280e+03 9.414726e+03
9.358724e+03 9.377935e+03 9.410460e+03 9.326198e+03
9.426849e+03 9.378011e+03 9.453334e+03 9.351526e+03
9.512615e+03 9.378061e+03 9.474863e+03 9.415813e+03
9.483444e+03 9.378082e+03 9.455707e+03 9.405820e+03
9.410339e+03 9.378073e+03 9.405863e+03 9.382548e+03
9.348249e+03 9.378029e+03 9.363319e+03 9.362959e+03
9.337020e+03 9.378918e+03 9.342326e+03 9.373612e+03
9.385225e+03 9.408328e+03 9.366367e+03 9.427186e+03
9.475672e+03 9.469971e+03 9.425858e+03 9.519785e+03
9.477273e+03 9.526245e+03 9.477137e+03 9.526381e+03
9.464663e+03 9.560986e+03 9.503767e+03 9.521883e+03
9.458243e+03 9.549917e+03 9.482801e+03 9.525360e+03
9.431269e+03 9.496393e+03 9.424880e+03 9.502783e+03
9.379643e+03 9.443156e+03 9.374343e+03 9.448456e+03
9.325875e+03 9.408189e+03 9.345583e+03 9.388482e+03
9.344820e+03 9.389477e+03 9.361950e+03 9.372347e+03
9.442224e+03 9.380496e+03 9.418798e+03 9.403921e+03
9.524819e+03 9.376250e+03 9.473156e+03 9.427912e+03
