9.011321e+03 9.085070e+03 9.016110e+03 9.080282e+03
9.020165e+03 9.083253e+03 9.013881e+03 9.089537e+03
9.080404e+03 9.081502e+03 9.011786e+03 9.150120e+03
9.098455e+03 9.079859e+03 9.009882e+03 9.168431e+03
9.069928e+03 9.078314e+03 9.010336e+03 9.137906e+03
9.077456e+03 9.076844e+03 9.043284e+03 9.111016e+03
9.088484e+03 9.075407e+03 9.110050e+03 9.053841e+03
9.128779e+03 9.073975e+03 9.168835e+03 9.033918e+03
9.129480e+03 9.072555e+03 9.202592e+03 8.999444e+03
9.170900e+03 9.071167e+03 9.185694e+03 9.056373e+03
9.139260e+03 9.069822e+03 9.124578e+03 9.084504e+03
9.039526e+03 9.068526e+03 9.066530e+03 9.041522e+03
8.977547e+03 9.067282e+03 9.033420e+03 9.011409e+03
9.031992e+03 9.066091e+03 9.050531e+03 9.047552e+03
9.105509e+03 9.064953e+03 9.106995e+03 9.063467e+03
9.147471e+03 9.063867e+03 9.156844e+03 9.054494e+03
9.164542e+03 9.062832e+03 9.182412e+03 9.044962e+03
9.176790e+03 9.061848e+03 9.159793e+03 9.078845e+03
9.130317e+03 9.060913e+03 9.099497e+03 9.091733e+03
9.015360e+03 9.060026e+03 9.046860e+03 9.028526e+03
8.978999e+03 9.060165e+03 9.020058e+03 9.019106e+03
9.022911e+03 9.089218e+03 9.042533e+03 9.069596e+03
9.137441e+03 9.150938e+03 9.101269e+03 9.187110e+03
9.197195e+03 9.207317e+03 9.150641e+03 9.253871e+03
9.183102e+03 9.242019e+03 9.174087e+03 9.251034e+03
9.133375e+03 9.230504e+03 9.148906e+03 9.214974e+03
9.059739e+03 9.176165e+03 9.088090e+03 9.147813e+03
8.965186e+03 9.122204e+03 9.037013e+03 9.050377e+03
8.955989e+03 9.086798e+03 9.011086e+03 9.031700e+03
9.007929e+03 9.067910e+03 9.033126e+03 9.042713e+03
9.093397e+03 9.058946e+03 9.092476e+03 9.059868e+03
9.135618e+03 9.054856e+03 9.144001e+03 9.046474e+03
9.148962e+03 9.053016e+03 9.170638e+03 9.031339e+03
9.145914e+03 9.052108e+03 9.148798e+03 9.049224e+03
9.084050e+03 9.051573e+03 9.089146e+03 9.046477e+03
9.022486e+03 9.051256e+03 9.037060e+03 9.036682e+03
8.992124e+03 9.051933e+03 9.010752e+03 9.033305e+03
9.031544e+03 9.081491e+03 9.033691e+03 9.079344e+03
9.101713e+03 9.143688e+03 9.092876e+03 9.152524e+03
9.139105e+03 9.200519e+03 9.142690e+03 9.196935e+03
9.156119e+03 9.235651e+03 9.166566e+03 9.225204e+03
9.146714e+03 9.224542e+03 9.141800e+03 9.229456e+03
9.082103e+03 9.170584e+03 9.081378e+03 9.171308e+03
9.005658e+03 9.116980e+03 9.030598e+03 9.092039e+03
8.986171e+03 9.081907e+03 9.002934e+03 9.065143e+03
9.024451e+03 9.063328e+03 9.022875e+03 9.064903e+03
9.104415e+03 9.054650e+03 9.084762e+03 9.074303e+03
9.157761e+03 9.050823e+03 9.142364e+03 9.066220e+03
9.179408e+03 9.049224e+03 9.176554e+03 9.052078e+03
9.121215e+03 9.048537e+03 9.160676e+03 9.009077e+03
9.105528e+03 9.048202e+03 9.100749e+03 9.052981e+03
9.076055e+03 9.048061e+03 9.043943e+03 9.080172e+03
9.039059e+03 9.047914e+03 9.011965e+03 9.075009e+03
9.058173e+03 9.047764e+03 9.030145e+03 9.075792e+03
9.121010e+03 9.047617e+03 9.087642e+03 9.080985e+03
9.148737e+03 9.047478e+03 9.138507e+03 9.057708e+03
9.159899e+03 9.047349e+03 9.165067e+03 9.042182e+03
9.133107e+03 9.047228e+03 9.143406e+03 9.036930e+03
9.070941e+03 9.047114e+03 9.084017e+03 9.034037e+03
9.006076e+03 9.047004e+03 9.032121e+03 9.020959e+03
8.972242e+03 9.046898e+03 9.002977e+03 9.016163e+03
9.015095e+03 9.046797e+03 9.021919e+03 9.039973e+03
9.083166e+03 9.046701e+03 9.083323e+03 9.046545e+03
9.165885e+03 9.046609e+03 9.140761e+03 9.071733e+03
9.157822e+03 9.046522e+03 9.174947e+03 9.029398e+03
9.161399e+03 9.046441e+03 9.159136e+03 9.048704e+03
9.094682e+03 9.046365e+03 9.099298e+03 9.041750e+03
9.031480e+03 9.046296e+03 9.042623e+03 9.035153e+03
8.991679e+03 9.047212e+03 9.011790e+03 9.027101e+03
9.044034e+03 9.077002e+03 9.031909e+03 9.089127e+03
9.142496e+03 9.139421e+03 9.089758e+03 9.192159e+03
9.150503e+03 9.196465e+03 9.139100e+03 9.207868e+03
9.150461e+03 9.231797e+03 9.162923e+03 9.219334e+03
9.163634e+03 9.220879e+03 9.138287e+03 9.246226e+03
9.116924e+03 9.167106e+03 9.078054e+03 9.205976e+03
9.027310e+03 9.113683e+03 9.027586e+03 9.113407e+03
9.004711e+03 9.079761e+03 9.003241e+03 9.081231e+03
9.013587e+03 9.091199e+03 9.027636e+03 9.077150e+03
9.058578e+03 9.145161e+03 9.087737e+03 9.116001e+03
9.140476e+03 9.198591e+03 9.138128e+03 9.200939e+03
9.168163e+03 9.232530e+03 9.162405e+03 9.238289e+03
9.134393e+03 9.221128e+03 9.137956e+03 9.217564e+03
9.060773e+03 9.167219e+03 9.077818e+03 9.150174e+03
9.016984e+03 9.113858e+03 9.027367e+03 9.103476e+03
8.999766e+03 9.079026e+03 9.002022e+03 9.076770e+03
9.036058e+03 9.060686e+03 9.024605e+03 9.072139e+03
9.075423e+03 9.052246e+03 9.084461e+03 9.043209e+03
9.120584e+03 9.048657e+03 9.136465e+03 9.032776e+03
9.158531e+03 9.047295e+03 9.163558e+03 9.042268e+03
9.166967e+03 9.046846e+03 9.142156e+03 9.071656e+03
9.102853e+03 9.046747e+03 9.082927e+03 9.066673e+03
9.028114e+03 9.046842e+03 9.031138e+03 9.043819e+03
8.998530e+03 9.046932e+03 9.002078e+03 9.043384e+03
9.067466e+03 9.047018e+03 9.021096e+03 9.093388e+03
9.102306e+03 9.047108e+03 9.082562e+03 9.066852e+03
9.109384e+03 9.047208e+03 9.140052e+03 9.016541e+03
9.142135e+03 9.047321e+03 9.174281e+03 9.015175e+03
9.179283e+03 9.047446e+03 9.158515e+03 9.068215e+03
9.142422e+03 9.047583e+03 9.098727e+03 9.091278e+03
9.003083e+03 9.047720e+03 9.042002e+03 9.008801e+03
8.932082e+03 9.047852e+03 9.008092e+03 8.971842e+03
8.996301e+03 9.047973e+03 9.023985e+03 9.020289e+03
9.073657e+03 9.048085e+03 9.083825e+03 9.037917e+03
9.110275e+03 9.048196e+03 9.140567e+03 9.017904e+03
9.119294e+03 9.048310e+03 9.174479e+03 8.993124e+03
9.121656e+03 9.048429e+03 9.158591e+03 9.011493e+03
9.075223e+03 9.048551e+03 9.098757e+03 9.025017e+03
8.992868e+03 9.048678e+03 9.042129e+03 8.999416e+03
8.962942e+03 9.049787e+03 9.011357e+03 9.001371e+03
9.014439e+03 9.079765e+03 9.031530e+03 9.062674e+03
9.063487e+03 9.142370e+03 9.089420e+03 9.116436e+03
9.112795e+03 9.199594e+03 9.138793e+03 9.173596e+03
9.135056e+03 9.235101e+03 9.162643e+03 9.207514e+03
9.161532e+03 9.224359e+03 9.138037e+03 9.247854e+03
9.100632e+03 9.170764e+03 9.077842e+03 9.193554e+03
9.016530e+03 9.117522e+03 9.027387e+03 9.106665e+03
9.007684e+03 9.082804e+03 9.002056e+03 9.088431e+03
9.039338e+03 9.064563e+03 9.024668e+03 9.079233e+03
9.079505e+03 9.056205e+03 9.084554e+03 9.051156e+03
9.127320e+03 9.052681e+03 9.136580e+03 9.043421e+03
9.170886e+03 9.051373e+03 9.163686e+03 9.058572e+03
9.176772e+03 9.050968e+03 9.142291e+03 9.085448e+03
9.118523e+03 9.050911e+03 9.083072e+03 9.086362e+03
9.043257e+03 9.051053e+03 9.031408e+03 9.062902e+03
9.017892e+03 9.052173e+03 9.005507e+03 9.064557e+03
9.028916e+03 9.082159e+03 9.028834e+03 9.082242e+03
9.092670e+03 9.144766e+03 9.088375e+03 9.149060e+03
9.123178e+03 9.201986e+03 9.138513e+03 9.186652e+03
9.159956e+03 9.237484e+03 9.162685e+03 9.234754e+03
9.160050e+03 9.226719e+03 9.138200e+03 9.248570e+03
9.097207e+03 9.173085e+03 9.078052e+03 9.192241e+03
9.018203e+03 9.119786e+03 9.027544e+03 9.110445e+03
9.016560e+03 9.084998e+03 9.000147e+03 9.101411e+03
9.086171e+03 9.066685e+03 9.020342e+03 9.132514e+03
9.158875e+03 9.058254e+03 9.082460e+03 9.134670e+03
9.184263e+03 9.054654e+03 9.140266e+03 9.098652e+03
9.212306e+03 9.053262e+03 9.174637e+03 9.090930e+03
9.211146e+03 9.052761e+03 9.158930e+03 9.104976e+03
9.182528e+03 9.052594e+03 9.099175e+03 9.135946e+03
9.107313e+03 9.052609e+03 9.042549e+03 9.117373e+03
9.030408e+03 9.052607e+03 9.010751e+03 9.072264e+03
9.050774e+03 9.052587e+03 9.029104e+03 9.074256e+03
9.098028e+03 9.052547e+03 9.086757e+03 9.063818e+03
9.130905e+03 9.052487e+03 9.137753e+03 9.045639e+03
9.146825e+03 9.052405e+03 9.164428e+03 9.034802e+03
9.151430e+03 9.052306e+03 9.142874e+03 9.060861e+03
9.087196e+03 9.052190e+03 9.083598e+03 9.055788e+03
9.040274e+03 9.052056e+03 9.031893e+03 9.060437e+03
9.031878e+03 9.051899e+03 9.004958e+03 9.078820e+03
9.047071e+03 9.051714e+03 9.026450e+03 9.072335e+03
9.102474e+03 9.051496e+03 9.085744e+03 9.068226e+03
9.150574e+03 9.051247e+03 9.137510e+03 9.064311e+03
9.164279e+03 9.050970e+03 9.164526e+03 9.050724e+03
9.167694e+03 9.050671e+03 9.143119e+03 9.075246e+03
9.113456e+03 9.050354e+03 9.083914e+03 9.079895e+03
9.025792e+03 9.050016e+03 9.032171e+03 9.043637e+03
9.012003e+03 9.049657e+03 9.003174e+03 9.058487e+03
8.995296e+03 9.049274e+03 9.022263e+03 9.022306e+03
9.015377e+03 9.048865e+03 9.083807e+03 8.980434e+03
9.102285e+03 9.048436e+03 9.141375e+03 9.009345e+03
9.195541e+03 9.047988e+03 9.175681e+03 9.067849e+03
9.196577e+03 9.047527e+03 9.159985e+03 9.084119e+03
9.126640e+03 9.047055e+03 9.100267e+03 9.073428e+03
9.036684e+03 9.046573e+03 9.043721e+03 9.039535e+03
9.005183e+03 9.047065e+03 9.013024e+03 9.039224e+03
8.985414e+03 9.076419e+03 9.033285e+03 9.028549e+03
9.040541e+03 9.138395e+03 9.091277e+03 9.087660e+03
9.128216e+03 9.194990e+03 9.140757e+03 9.182449e+03
9.175463e+03 9.229870e+03 9.164717e+03 9.240615e+03
9.119883e+03 9.218501e+03 9.140216e+03 9.198168e+03
9.007020e+03 9.164280e+03 9.080117e+03 9.091184e+03
9.010460e+03 9.110416e+03 9.029790e+03 9.091086e+03
9.039077e+03 9.076071e+03 9.005608e+03 9.109539e+03
9.073370e+03 9.087099e+03 9.030172e+03 9.130298e+03
9.044743e+03 9.140670e+03 9.090452e+03 9.094961e+03
9.113402e+03 9.193731e+03 9.141029e+03 9.166104e+03
9.202252e+03 9.227330e+03 9.165498e+03 9.264084e+03
9.175410e+03 9.215617e+03 9.141232e+03 9.249796e+03
9.085734e+03 9.161435e+03 9.081252e+03 9.165917e+03
9.010724e+03 9.107843e+03 9.030944e+03 9.087623e+03
9.000018e+03 9.072825e+03 9.005736e+03 9.067108e+03
9.045208e+03 9.054351e+03 9.028476e+03 9.071083e+03
9.136989e+03 9.045833e+03 9.088533e+03 9.094290e+03
9.134000e+03 9.042228e+03 9.140777e+03 9.035450e+03
9.124073e+03 9.040916e+03 9.168133e+03 8.996855e+03
9.118196e+03 9.040567e+03 9.146980e+03 9.011783e+03
9.096154e+03 9.040601e+03 9.087955e+03 9.048800e+03
9.041642e+03 9.040867e+03 9.036334e+03 9.046176e+03
8.991038e+03 9.041183e+03 9.007426e+03 9.024795e+03
9.012786e+03 9.041595e+03 9.026632e+03 9.027749e+03
9.111156e+03 9.042158e+03 9.088364e+03 9.064951e+03
9.200201e+03 9.042887e+03 9.146807e+03 9.096281e+03
