9.156680e+03 9.194180e+03 9.171845e+03 9.179014e+03
9.166497e+03 9.195198e+03 9.170083e+03 9.191613e+03
9.235923e+03 9.196184e+03 9.168429e+03 9.263678e+03
9.249820e+03 9.197134e+03 9.166907e+03 9.280047e+03
9.218870e+03 9.199024e+03 9.166729e+03 9.251164e+03
9.234700e+03 9.229645e+03 9.195678e+03 9.268667e+03
9.243839e+03 9.292739e+03 9.256858e+03 9.279720e+03
9.279142e+03 9.350427e+03 9.312202e+03 9.317367e+03
9.280144e+03 9.386427e+03 9.345568e+03 9.321004e+03
9.318764e+03 9.376283e+03 9.332701e+03 9.362346e+03
9.289198e+03 9.323378e+03 9.277622e+03 9.334954e+03
9.196638e+03 9.270768e+03 9.223612e+03 9.243794e+03
9.139546e+03 9.236572e+03 9.191812e+03 9.184307e+03
9.187936e+03 9.218761e+03 9.205193e+03 9.201504e+03
9.262096e+03 9.210765e+03 9.254415e+03 9.218446e+03
9.297811e+03 9.207551e+03 9.298573e+03 9.206789e+03
9.312397e+03 9.206508e+03 9.321703e+03 9.197202e+03
9.323968e+03 9.206325e+03 9.302362e+03 9.227931e+03
9.279967e+03 9.206454e+03 9.249315e+03 9.237106e+03
9.168579e+03 9.206752e+03 9.202604e+03 9.172727e+03
9.138734e+03 9.207014e+03 9.178166e+03 9.167583e+03
9.170604e+03 9.207237e+03 9.194290e+03 9.183551e+03
9.277202e+03 9.207415e+03 9.240049e+03 9.244569e+03
9.323561e+03 9.207547e+03 9.278841e+03 9.252267e+03
9.305671e+03 9.207636e+03 9.297304e+03 9.216003e+03
9.257047e+03 9.207687e+03 9.277333e+03 9.187401e+03
9.205127e+03 9.207706e+03 9.229151e+03 9.183682e+03
9.128793e+03 9.207694e+03 9.188684e+03 9.147804e+03
9.118652e+03 9.207650e+03 9.168318e+03 9.157984e+03
9.160060e+03 9.207574e+03 9.188798e+03 9.178836e+03
9.241311e+03 9.207467e+03 9.241826e+03 9.206953e+03
9.274655e+03 9.207334e+03 9.287969e+03 9.194020e+03
9.283759e+03 9.207177e+03 9.312197e+03 9.178739e+03
9.280800e+03 9.207000e+03 9.293556e+03 9.194244e+03
9.233686e+03 9.206804e+03 9.241036e+03 9.199454e+03
9.178177e+03 9.206591e+03 9.194741e+03 9.190027e+03
9.145820e+03 9.206363e+03 9.170670e+03 9.181513e+03
9.176118e+03 9.206121e+03 9.187139e+03 9.195100e+03
9.233010e+03 9.205868e+03 9.233232e+03 9.205645e+03
9.262372e+03 9.205604e+03 9.272355e+03 9.195621e+03
9.281020e+03 9.205333e+03 9.291144e+03 9.195209e+03
9.273007e+03 9.205054e+03 9.271489e+03 9.206572e+03
9.222234e+03 9.204770e+03 9.223607e+03 9.203397e+03
9.157240e+03 9.204483e+03 9.183338e+03 9.178385e+03
9.147109e+03 9.205169e+03 9.160848e+03 9.191430e+03
9.180109e+03 9.234624e+03 9.179456e+03 9.235278e+03
9.261727e+03 9.296592e+03 9.236736e+03 9.321584e+03
9.316213e+03 9.353197e+03 9.291110e+03 9.378299e+03
9.335052e+03 9.388157e+03 9.324787e+03 9.398423e+03
9.278696e+03 9.377021e+03 9.312698e+03 9.343018e+03
9.265217e+03 9.323169e+03 9.258531e+03 9.329855e+03
9.235993e+03 9.269663e+03 9.205474e+03 9.300182e+03
9.198715e+03 9.234620e+03 9.174539e+03 9.258796e+03
9.210453e+03 9.216012e+03 9.188736e+03 9.237729e+03
9.270236e+03 9.207270e+03 9.238750e+03 9.238756e+03
9.293723e+03 9.203361e+03 9.283688e+03 9.213396e+03
9.304477e+03 9.201674e+03 9.307584e+03 9.198567e+03
9.276547e+03 9.200896e+03 9.288987e+03 9.188457e+03
9.218907e+03 9.200470e+03 9.236645e+03 9.182733e+03
9.167816e+03 9.200240e+03 9.190482e+03 9.177574e+03
9.138205e+03 9.200982e+03 9.163634e+03 9.175554e+03
9.178258e+03 9.230494e+03 9.179802e+03 9.228950e+03
9.239706e+03 9.292523e+03 9.235950e+03 9.296280e+03
9.313001e+03 9.349201e+03 9.289880e+03 9.372321e+03
9.305160e+03 9.384246e+03 9.323436e+03 9.365970e+03
9.309100e+03 9.373201e+03 9.311362e+03 9.370940e+03
9.249767e+03 9.319446e+03 9.257257e+03 9.311957e+03
9.198704e+03 9.266040e+03 9.204308e+03 9.260436e+03
9.163574e+03 9.231096e+03 9.174086e+03 9.220584e+03
9.209452e+03 9.212588e+03 9.186764e+03 9.235276e+03
9.285228e+03 9.203944e+03 9.231018e+03 9.258153e+03
9.283475e+03 9.200131e+03 9.269418e+03 9.214189e+03
9.279121e+03 9.198537e+03 9.288025e+03 9.189634e+03
9.291889e+03 9.197851e+03 9.268426e+03 9.221314e+03
9.260704e+03 9.197517e+03 9.220680e+03 9.237541e+03
9.189032e+03 9.197387e+03 9.180687e+03 9.205732e+03
9.169928e+03 9.197258e+03 9.161374e+03 9.205812e+03
9.165337e+03 9.197134e+03 9.180660e+03 9.181811e+03
9.205303e+03 9.197016e+03 9.228244e+03 9.174075e+03
9.277841e+03 9.196904e+03 9.268156e+03 9.206589e+03
9.293937e+03 9.196798e+03 9.287397e+03 9.203338e+03
9.258538e+03 9.196703e+03 9.268049e+03 9.187192e+03
9.202843e+03 9.196619e+03 9.220418e+03 9.179044e+03
9.168198e+03 9.196537e+03 9.180444e+03 9.184291e+03
9.151125e+03 9.196454e+03 9.160539e+03 9.187041e+03
9.183057e+03 9.196364e+03 9.181448e+03 9.197974e+03
9.222005e+03 9.196269e+03 9.234876e+03 9.183398e+03
9.267103e+03 9.196178e+03 9.281396e+03 9.181885e+03
9.296385e+03 9.196096e+03 9.305987e+03 9.186495e+03
9.307677e+03 9.196025e+03 9.287694e+03 9.216008e+03
9.257321e+03 9.195963e+03 9.235513e+03 9.217771e+03
9.187934e+03 9.195912e+03 9.189436e+03 9.194411e+03
9.159235e+03 9.196848e+03 9.162652e+03 9.193430e+03
9.217518e+03 9.226563e+03 9.178878e+03 9.265203e+03
9.250640e+03 9.288801e+03 9.235073e+03 9.304369e+03
9.256998e+03 9.345686e+03 9.289039e+03 9.313645e+03
9.291805e+03 9.380935e+03 9.322623e+03 9.350116e+03
9.331869e+03 9.370094e+03 9.310577e+03 9.391386e+03
9.302281e+03 9.316546e+03 9.256505e+03 9.362322e+03
9.168359e+03 9.263349e+03 9.203487e+03 9.228221e+03
9.092541e+03 9.229597e+03 9.170285e+03 9.151853e+03
9.152968e+03 9.241055e+03 9.182469e+03 9.211554e+03
9.226492e+03 9.294896e+03 9.236586e+03 9.284801e+03
9.258048e+03 9.348209e+03 9.289603e+03 9.316654e+03
9.270023e+03 9.382100e+03 9.322789e+03 9.329334e+03
9.275625e+03 9.370804e+03 9.310593e+03 9.335836e+03
9.237228e+03 9.317147e+03 9.256466e+03 9.297909e+03
9.162439e+03 9.264039e+03 9.203548e+03 9.222930e+03
9.128177e+03 9.229398e+03 9.173375e+03 9.184201e+03
9.167471e+03 9.211195e+03 9.186095e+03 9.192572e+03
9.208863e+03 9.202860e+03 9.230381e+03 9.181342e+03
9.253118e+03 9.199361e+03 9.268804e+03 9.183674e+03
9.269195e+03 9.198082e+03 9.287432e+03 9.179845e+03
9.290134e+03 9.197712e+03 9.267855e+03 9.219991e+03
9.241238e+03 9.197692e+03 9.220141e+03 9.218790e+03
9.174181e+03 9.197865e+03 9.180161e+03 9.191886e+03
9.170198e+03 9.198032e+03 9.160267e+03 9.207963e+03
9.193561e+03 9.198223e+03 9.181203e+03 9.210581e+03
9.231335e+03 9.198417e+03 9.234662e+03 9.195091e+03
9.275177e+03 9.198615e+03 9.281208e+03 9.192584e+03
9.311348e+03 9.198815e+03 9.305817e+03 9.204346e+03
9.315522e+03 9.199021e+03 9.287539e+03 9.227005e+03
9.266984e+03 9.199238e+03 9.235374e+03 9.230849e+03
9.202458e+03 9.199463e+03 9.189427e+03 9.212494e+03
9.177308e+03 9.199690e+03 9.165694e+03 9.211304e+03
9.180893e+03 9.199913e+03 9.182486e+03 9.198321e+03
9.231569e+03 9.200125e+03 9.228876e+03 9.202818e+03
9.254865e+03 9.200327e+03 9.268269e+03 9.186922e+03
9.285948e+03 9.200522e+03 9.287306e+03 9.199164e+03
9.284565e+03 9.200713e+03 9.267887e+03 9.217391e+03
9.234408e+03 9.200903e+03 9.220237e+03 9.215074e+03
9.172718e+03 9.201091e+03 9.180201e+03 9.193608e+03
9.173691e+03 9.202255e+03 9.157941e+03 9.218005e+03
9.234000e+03 9.232188e+03 9.176769e+03 9.289419e+03
9.302431e+03 9.294632e+03 9.234250e+03 9.362814e+03
9.330173e+03 9.351712e+03 9.288805e+03 9.393080e+03
9.357506e+03 9.387144e+03 9.322644e+03 9.422007e+03
9.355337e+03 9.376480e+03 9.310708e+03 9.421109e+03
9.332638e+03 9.323105e+03 9.256698e+03 9.399046e+03
9.267238e+03 9.270077e+03 9.203804e+03 9.333511e+03
9.196492e+03 9.235509e+03 9.173036e+03 9.258965e+03
9.205989e+03 9.217367e+03 9.187395e+03 9.235961e+03
9.248028e+03 9.209075e+03 9.237555e+03 9.219548e+03
9.274401e+03 9.205603e+03 9.282622e+03 9.197382e+03
9.288658e+03 9.204342e+03 9.306634e+03 9.186366e+03
9.295099e+03 9.203986e+03 9.288148e+03 9.210936e+03
9.241385e+03 9.203980e+03 9.235922e+03 9.209443e+03
9.203947e+03 9.204178e+03 9.189968e+03 9.218157e+03
9.188738e+03 9.204382e+03 9.165644e+03 9.227476e+03
9.200940e+03 9.204592e+03 9.184072e+03 9.221459e+03
9.246032e+03 9.204809e+03 9.236343e+03 9.214498e+03
9.291248e+03 9.205034e+03 9.282401e+03 9.213881e+03
9.301551e+03 9.205266e+03 9.306856e+03 9.199961e+03
9.310936e+03 9.205507e+03 9.288567e+03 9.227875e+03
9.262676e+03 9.205756e+03 9.236445e+03 9.231987e+03
9.190834e+03 9.206015e+03 9.190464e+03 9.206385e+03
9.178263e+03 9.207258e+03 9.163790e+03 9.221731e+03
9.156889e+03 9.237282e+03 9.180137e+03 9.214033e+03
9.172018e+03 9.299828e+03 9.236460e+03 9.235385e+03
9.253526e+03 9.357018e+03 9.290559e+03 9.319986e+03
9.338975e+03 9.392573e+03 9.324276e+03 9.407272e+03
9.340663e+03 9.382037e+03 9.312361e+03 9.410339e+03
9.282140e+03 9.328792e+03 9.258421e+03 9.352511e+03
9.204524e+03 9.275897e+03 9.205646e+03 9.274775e+03
9.168180e+03 9.241469e+03 9.175606e+03 9.234044e+03
9.139003e+03 9.223480e+03 9.188472e+03 9.174011e+03
9.187497e+03 9.215358e+03 9.232915e+03 9.169939e+03
9.265504e+03 9.212071e+03 9.271502e+03 9.206072e+03
9.297217e+03 9.211004e+03 9.290295e+03 9.217926e+03
9.250168e+03 9.210845e+03 9.270879e+03 9.190133e+03
9.154144e+03 9.211031e+03 9.223317e+03 9.141858e+03
9.167792e+03 9.211410e+03 9.183511e+03 9.195692e+03
9.197052e+03 9.211784e+03 9.164403e+03 9.244433e+03
9.218686e+03 9.212157e+03 9.183898e+03 9.246945e+03
9.178850e+03 9.212537e+03 9.231697e+03 9.159691e+03
9.246571e+03 9.212929e+03 9.271829e+03 9.187670e+03
9.324807e+03 9.213327e+03 9.291293e+03 9.246841e+03
9.296785e+03 9.213720e+03 9.272157e+03 9.238348e+03
9.227963e+03 9.214089e+03 9.224712e+03 9.217340e+03
9.172623e+03 9.214429e+03 9.184905e+03 9.202147e+03
9.163655e+03 9.214741e+03 9.165154e+03 9.213242e+03
9.205409e+03 9.215041e+03 9.186230e+03 9.234221e+03
9.288280e+03 9.215350e+03 9.239858e+03 9.263772e+03
9.289908e+03 9.215672e+03 9.286608e+03 9.218972e+03
9.279364e+03 9.215999e+03 9.311444e+03 9.183919e+03
9.274871e+03 9.216319e+03 9.293379e+03 9.197811e+03
9.248888e+03 9.216626e+03 9.241383e+03 9.224132e+03
9.197633e+03 9.216914e+03 9.195453e+03 9.219095e+03
9.150129e+03 9.218155e+03 9.168795e+03 9.199488e+03
9.168965e+03 9.248137e+03 9.185167e+03 9.231935e+03
9.261717e+03 9.310602e+03 9.241561e+03 9.330758e+03
9.339228e+03 9.367667e+03 9.295752e+03 9.411144e+03
