9.912645e+03 9.871498e+03 9.863829e+03 9.920313e+03
9.908200e+03 9.871655e+03 9.864234e+03 9.915622e+03
9.942657e+03 9.871807e+03 9.864617e+03 9.949847e+03
9.966102e+03 9.871954e+03 9.864911e+03 9.973145e+03
9.895801e+03 9.872286e+03 9.863424e+03 9.904663e+03
9.880273e+03 9.878178e+03 9.869345e+03 9.889107e+03
9.890481e+03 9.890351e+03 9.888726e+03 9.892106e+03
9.861053e+03 9.901475e+03 9.910234e+03 9.852294e+03
9.907213e+03 9.908402e+03 9.927389e+03 9.888227e+03
9.882500e+03 9.906401e+03 9.930493e+03 9.858408e+03
9.903613e+03 9.896126e+03 9.915768e+03 9.883971e+03
9.890067e+03 9.885908e+03 9.896605e+03 9.879371e+03
9.873688e+03 9.879214e+03 9.880157e+03 9.872746e+03
9.878516e+03 9.874598e+03 9.869144e+03 9.883969e+03
9.880220e+03 9.870645e+03 9.867283e+03 9.883582e+03
9.911068e+03 9.867823e+03 9.871752e+03 9.907140e+03
9.904147e+03 9.866246e+03 9.879202e+03 9.891191e+03
9.874897e+03 9.866588e+03 9.885788e+03 9.855698e+03
9.895759e+03 9.868615e+03 9.885837e+03 9.878537e+03
9.853844e+03 9.870663e+03 9.880843e+03 9.843664e+03
9.828915e+03 9.872056e+03 9.874200e+03 9.826771e+03
9.789176e+03 9.874358e+03 9.865102e+03 9.798431e+03
9.836477e+03 9.878018e+03 9.856304e+03 9.858191e+03
9.835495e+03 9.881199e+03 9.851650e+03 9.865044e+03
9.836433e+03 9.883130e+03 9.851496e+03 9.868066e+03
9.821229e+03 9.882551e+03 9.856866e+03 9.846914e+03
9.852105e+03 9.879666e+03 9.863937e+03 9.867834e+03
9.850213e+03 9.876787e+03 9.867866e+03 9.859134e+03
9.818667e+03 9.874853e+03 9.866953e+03 9.826567e+03
9.845759e+03 9.872700e+03 9.864208e+03 9.854251e+03
9.897507e+03 9.869834e+03 9.866110e+03 9.901230e+03
9.831651e+03 9.867425e+03 9.872097e+03 9.826980e+03
9.844570e+03 9.865954e+03 9.880031e+03 9.830493e+03
9.873474e+03 9.866280e+03 9.886680e+03 9.853073e+03
9.883986e+03 9.868245e+03 9.886636e+03 9.865596e+03
9.904078e+03 9.870205e+03 9.881461e+03 9.892823e+03
9.808633e+03 9.871513e+03 9.874638e+03 9.805507e+03
9.779951e+03 9.873734e+03 9.865371e+03 9.788314e+03
9.783967e+03 9.877319e+03 9.856414e+03 9.804873e+03
9.778319e+03 9.880432e+03 9.851614e+03 9.807138e+03
9.854805e+03 9.882301e+03 9.851326e+03 9.885780e+03
9.843806e+03 9.881666e+03 9.856573e+03 9.868898e+03
9.880374e+03 9.878730e+03 9.863533e+03 9.895571e+03
9.822602e+03 9.875804e+03 9.867370e+03 9.831035e+03
9.873446e+03 9.874056e+03 9.866941e+03 9.880561e+03
9.828296e+03 9.878754e+03 9.872838e+03 9.834211e+03
9.920300e+03 9.890270e+03 9.891870e+03 9.918699e+03
9.932971e+03 9.901006e+03 9.912973e+03 9.921004e+03
9.962121e+03 9.907674e+03 9.929725e+03 9.940070e+03
9.948839e+03 9.905473e+03 9.932455e+03 9.921857e+03
9.948401e+03 9.895025e+03 9.917376e+03 9.926051e+03
9.862886e+03 9.884655e+03 9.897874e+03 9.849667e+03
9.879395e+03 9.877820e+03 9.881114e+03 9.876101e+03
9.855855e+03 9.873070e+03 9.869802e+03 9.859124e+03
9.845084e+03 9.868994e+03 9.867658e+03 9.846420e+03
9.845848e+03 9.866057e+03 9.871861e+03 9.840043e+03
9.902622e+03 9.864373e+03 9.879065e+03 9.887929e+03
9.860252e+03 9.864618e+03 9.885425e+03 9.839444e+03
9.864287e+03 9.866555e+03 9.885265e+03 9.845577e+03
9.848254e+03 9.868517e+03 9.880050e+03 9.836721e+03
9.899979e+03 9.869967e+03 9.872959e+03 9.896988e+03
9.908337e+03 9.876358e+03 9.875085e+03 9.909610e+03
9.926499e+03 9.888667e+03 9.892298e+03 9.922868e+03
9.972784e+03 9.899756e+03 9.912605e+03 9.959935e+03
9.934414e+03 9.906577e+03 9.929047e+03 9.911944e+03
9.987827e+03 9.904448e+03 9.931673e+03 9.960602e+03
9.976189e+03 9.894043e+03 9.916570e+03 9.953662e+03
9.987223e+03 9.883698e+03 9.897118e+03 9.973803e+03
9.934082e+03 9.876979e+03 9.881215e+03 9.929846e+03
9.909148e+03 9.874982e+03 9.867246e+03 9.916884e+03
9.864593e+03 9.876634e+03 9.856148e+03 9.885078e+03
9.864329e+03 9.878934e+03 9.850444e+03 9.892819e+03
9.878489e+03 9.880505e+03 9.849817e+03 9.909177e+03
9.863410e+03 9.879783e+03 9.854956e+03 9.888238e+03
9.884696e+03 9.876844e+03 9.861897e+03 9.899643e+03
9.881882e+03 9.873963e+03 9.865791e+03 9.890054e+03
9.905024e+03 9.872123e+03 9.865653e+03 9.911494e+03
9.865021e+03 9.872707e+03 9.860182e+03 9.877546e+03
9.922507e+03 9.875561e+03 9.853073e+03 9.944994e+03
9.903745e+03 9.878388e+03 9.849107e+03 9.933025e+03
9.876144e+03 9.880176e+03 9.849176e+03 9.907143e+03
9.875428e+03 9.879547e+03 9.854580e+03 9.900395e+03
9.831955e+03 9.876652e+03 9.861622e+03 9.846985e+03
9.840004e+03 9.873787e+03 9.865491e+03 9.848300e+03
9.785765e+03 9.871874e+03 9.864521e+03 9.793117e+03
9.858033e+03 9.869746e+03 9.861728e+03 9.866051e+03
9.876879e+03 9.866911e+03 9.863590e+03 9.880200e+03
9.864432e+03 9.864539e+03 9.869545e+03 9.859426e+03
9.881775e+03 9.863111e+03 9.877458e+03 9.867429e+03
9.863433e+03 9.863487e+03 9.884095e+03 9.842825e+03
9.863857e+03 9.865507e+03 9.884048e+03 9.845317e+03
9.851144e+03 9.867527e+03 9.878859e+03 9.839812e+03
9.845534e+03 9.869036e+03 9.871794e+03 9.842776e+03
9.907774e+03 9.875489e+03 9.873953e+03 9.909311e+03
9.917958e+03 9.887861e+03 9.891199e+03 9.914620e+03
9.869651e+03 9.899015e+03 9.911536e+03 9.857129e+03
9.924228e+03 9.905900e+03 9.928006e+03 9.902121e+03
9.962878e+03 9.903835e+03 9.930656e+03 9.936057e+03
9.937314e+03 9.893496e+03 9.915578e+03 9.915232e+03
9.860044e+03 9.883217e+03 9.896130e+03 9.847131e+03
9.766116e+03 9.876701e+03 9.879997e+03 9.762820e+03
9.800695e+03 9.878931e+03 9.877463e+03 9.802163e+03
9.882819e+03 9.889361e+03 9.892577e+03 9.879604e+03
9.872656e+03 9.899689e+03 9.912015e+03 9.860330e+03
9.894443e+03 9.906260e+03 9.928147e+03 9.872556e+03
9.920368e+03 9.904089e+03 9.930687e+03 9.893770e+03
9.867951e+03 9.893723e+03 9.915587e+03 9.846087e+03
9.909951e+03 9.883464e+03 9.896190e+03 9.897226e+03
9.831036e+03 9.876831e+03 9.880342e+03 9.827526e+03
9.804437e+03 9.874920e+03 9.866429e+03 9.812928e+03
9.892354e+03 9.876660e+03 9.855390e+03 9.913624e+03
9.875920e+03 9.879048e+03 9.849744e+03 9.905224e+03
9.833557e+03 9.880708e+03 9.849176e+03 9.865088e+03
9.896102e+03 9.880075e+03 9.854373e+03 9.921804e+03
9.894041e+03 9.877224e+03 9.861371e+03 9.909894e+03
9.871182e+03 9.874428e+03 9.865285e+03 9.880325e+03
9.890795e+03 9.872584e+03 9.864364e+03 9.899014e+03
9.816284e+03 9.870530e+03 9.861631e+03 9.825183e+03
9.841294e+03 9.867768e+03 9.863559e+03 9.845503e+03
9.847677e+03 9.865469e+03 9.869583e+03 9.843563e+03
9.890827e+03 9.864112e+03 9.877564e+03 9.877375e+03
9.860604e+03 9.864556e+03 9.884269e+03 9.840891e+03
9.893150e+03 9.866645e+03 9.884290e+03 9.875505e+03
9.918017e+03 9.868733e+03 9.879189e+03 9.907560e+03
9.841683e+03 9.870172e+03 9.872448e+03 9.839406e+03
9.859627e+03 9.872526e+03 9.863267e+03 9.868886e+03
9.859753e+03 9.876244e+03 9.854397e+03 9.881600e+03
9.896072e+03 9.879488e+03 9.849685e+03 9.925875e+03
9.855106e+03 9.881488e+03 9.849487e+03 9.887107e+03
9.823303e+03 9.880983e+03 9.854825e+03 9.849461e+03
9.850852e+03 9.878177e+03 9.861879e+03 9.867150e+03
9.842830e+03 9.875380e+03 9.865812e+03 9.852398e+03
9.889975e+03 9.873759e+03 9.865484e+03 9.898250e+03
9.898391e+03 9.878583e+03 9.871485e+03 9.905489e+03
9.923051e+03 9.890224e+03 9.890623e+03 9.922652e+03
9.899172e+03 9.901085e+03 9.911833e+03 9.888423e+03
9.936085e+03 9.907875e+03 9.928694e+03 9.915266e+03
9.917624e+03 9.905794e+03 9.931531e+03 9.891887e+03
9.903864e+03 9.895467e+03 9.916564e+03 9.882768e+03
9.904388e+03 9.885217e+03 9.897176e+03 9.892429e+03
9.947616e+03 9.878499e+03 9.880530e+03 9.945585e+03
9.839963e+03 9.873863e+03 9.869334e+03 9.844492e+03
9.853751e+03 9.869896e+03 9.867305e+03 9.856342e+03
9.879275e+03 9.867063e+03 9.871622e+03 9.874716e+03
9.906807e+03 9.865479e+03 9.878941e+03 9.893344e+03
9.907535e+03 9.865820e+03 9.885416e+03 9.887939e+03
9.875667e+03 9.867851e+03 9.885374e+03 9.858144e+03
9.913384e+03 9.869907e+03 9.880272e+03 9.903019e+03
9.865498e+03 9.871224e+03 9.872735e+03 9.863986e+03
9.842101e+03 9.870821e+03 9.866278e+03 9.846644e+03
9.892868e+03 9.868807e+03 9.866435e+03 9.895240e+03
9.866667e+03 9.866812e+03 9.871714e+03 9.861765e+03
9.876027e+03 9.865555e+03 9.879437e+03 9.862145e+03
9.895910e+03 9.866016e+03 9.886094e+03 9.875832e+03
9.917343e+03 9.868087e+03 9.886148e+03 9.899282e+03
9.927616e+03 9.870138e+03 9.881104e+03 9.916650e+03
9.953141e+03 9.871676e+03 9.874194e+03 9.950623e+03
9.914624e+03 9.878156e+03 9.876510e+03 9.916270e+03
9.858841e+03 9.890551e+03 9.893919e+03 9.855473e+03
9.904890e+03 9.901725e+03 9.914426e+03 9.892189e+03
9.924172e+03 9.908628e+03 9.931068e+03 9.901732e+03
9.946768e+03 9.906579e+03 9.933897e+03 9.919450e+03
9.915824e+03 9.896253e+03 9.918999e+03 9.893078e+03
9.919413e+03 9.885986e+03 9.899755e+03 9.905644e+03
9.913829e+03 9.879344e+03 9.884064e+03 9.909110e+03
9.874859e+03 9.877423e+03 9.870309e+03 9.881973e+03
9.836930e+03 9.879151e+03 9.859430e+03 9.856651e+03
9.877340e+03 9.881528e+03 9.853947e+03 9.904921e+03
9.869808e+03 9.883177e+03 9.853542e+03 9.899443e+03
9.865855e+03 9.882532e+03 9.858901e+03 9.889487e+03
9.785696e+03 9.879669e+03 9.866060e+03 9.799305e+03
9.850046e+03 9.876862e+03 9.870167e+03 9.856741e+03
9.855897e+03 9.875096e+03 9.870239e+03 9.860754e+03
9.869084e+03 9.875752e+03 9.864975e+03 9.879861e+03
9.786335e+03 9.878680e+03 9.858073e+03 9.806942e+03
9.833625e+03 9.881585e+03 9.854312e+03 9.860898e+03
9.877819e+03 9.883453e+03 9.854584e+03 9.906689e+03
9.831137e+03 9.882903e+03 9.860182e+03 9.853858e+03
9.853896e+03 9.880084e+03 9.867404e+03 9.866576e+03
9.887735e+03 9.877291e+03 9.871435e+03 9.893592e+03
9.887020e+03 9.875449e+03 9.870610e+03 9.891858e+03
9.898565e+03 9.873395e+03 9.867951e+03 9.904009e+03
9.880258e+03 9.870640e+03 9.869943e+03 9.880955e+03
9.882348e+03 9.868355e+03 9.876024e+03 9.874678e+03
9.905570e+03 9.867018e+03 9.884057e+03 9.888531e+03
9.878697e+03 9.867485e+03 9.890805e+03 9.855377e+03
9.879630e+03 9.869596e+03 9.890858e+03 9.858368e+03
9.874187e+03 9.871704e+03 9.885750e+03 9.860140e+03
9.888711e+03 9.873300e+03 9.878745e+03 9.883266e+03
9.920970e+03 9.879839e+03 9.880933e+03 9.919875e+03
9.917302e+03 9.892298e+03 9.898178e+03 9.911422e+03
9.900147e+03 9.903539e+03 9.917090e+03 9.886597e+03
