1.018811e+04 1.022602e+04 1.012418e+04 1.028995e+04
1.019993e+04 1.022235e+04 1.011962e+04 1.030266e+04
1.027485e+04 1.021886e+04 1.011537e+04 1.037835e+04
1.016570e+04 1.021556e+04 1.011186e+04 1.026940e+04
1.008075e+04 1.021244e+04 1.012361e+04 1.016958e+04
1.023482e+04 1.020950e+04 1.021400e+04 1.023033e+04
1.036309e+04 1.020674e+04 1.036207e+04 1.020776e+04
1.042862e+04 1.020414e+04 1.047409e+04 1.015867e+04
1.042713e+04 1.020171e+04 1.051963e+04 1.010921e+04
1.048144e+04 1.019944e+04 1.045273e+04 1.022815e+04
1.030807e+04 1.019737e+04 1.031110e+04 1.019435e+04
1.012928e+04 1.019552e+04 1.019833e+04 1.012648e+04
1.004807e+04 1.019625e+04 1.015585e+04 1.008847e+04
1.020646e+04 1.026725e+04 1.023764e+04 1.023607e+04
1.041671e+04 1.041758e+04 1.039273e+04 1.044156e+04
1.047616e+04 1.055492e+04 1.050596e+04 1.052512e+04
1.053792e+04 1.063958e+04 1.054248e+04 1.063502e+04
1.049971e+04 1.061200e+04 1.045390e+04 1.065781e+04
1.024747e+04 1.048042e+04 1.029296e+04 1.043492e+04
1.008759e+04 1.034977e+04 1.017459e+04 1.026277e+04
1.006516e+04 1.026422e+04 1.012436e+04 1.020502e+04
1.020696e+04 1.021880e+04 1.017136e+04 1.025440e+04
1.037424e+04 1.019752e+04 1.027991e+04 1.029185e+04
1.043792e+04 1.018809e+04 1.036555e+04 1.026045e+04
1.034779e+04 1.018414e+04 1.040041e+04 1.013153e+04
1.036414e+04 1.018249e+04 1.034642e+04 1.020021e+04
1.021135e+04 1.018176e+04 1.023405e+04 1.015906e+04
1.003797e+04 1.018160e+04 1.014593e+04 1.007365e+04
1.000044e+04 1.018389e+04 1.011819e+04 1.006614e+04
1.017180e+04 1.025637e+04 1.020775e+04 1.022042e+04
1.037845e+04 1.040815e+04 1.036694e+04 1.041965e+04
1.043380e+04 1.054691e+04 1.048263e+04 1.049808e+04
1.051962e+04 1.063299e+04 1.052087e+04 1.063174e+04
1.042289e+04 1.060678e+04 1.043369e+04 1.059597e+04
1.020384e+04 1.047652e+04 1.027398e+04 1.040639e+04
1.006925e+04 1.034714e+04 1.015668e+04 1.025970e+04
1.004932e+04 1.026278e+04 1.010747e+04 1.020464e+04
1.015548e+04 1.021851e+04 1.015544e+04 1.021855e+04
1.029750e+04 1.019830e+04 1.026492e+04 1.023088e+04
1.026280e+04 1.018989e+04 1.035149e+04 1.010120e+04
1.035849e+04 1.018691e+04 1.038724e+04 1.015817e+04
1.035159e+04 1.018616e+04 1.033411e+04 1.020364e+04
1.024133e+04 1.018628e+04 1.022255e+04 1.020505e+04
1.010471e+04 1.018689e+04 1.013496e+04 1.015663e+04
1.004400e+04 1.018750e+04 1.010106e+04 1.013044e+04
1.022262e+04 1.018810e+04 1.017167e+04 1.023905e+04
1.035415e+04 1.018872e+04 1.031315e+04 1.022973e+04
1.045845e+04 1.018936e+04 1.042430e+04 1.022352e+04
1.055018e+04 1.019003e+04 1.047138e+04 1.026882e+04
1.043034e+04 1.019071e+04 1.040685e+04 1.021421e+04
1.029160e+04 1.019140e+04 1.026775e+04 1.021526e+04
1.016641e+04 1.019210e+04 1.015753e+04 1.020098e+04
1.009327e+04 1.019518e+04 1.011737e+04 1.017108e+04
1.023100e+04 1.026837e+04 1.020134e+04 1.029804e+04
1.039155e+04 1.042079e+04 1.035856e+04 1.045378e+04
1.045208e+04 1.056014e+04 1.047389e+04 1.053833e+04
1.049574e+04 1.064673e+04 1.051246e+04 1.063000e+04
1.045150e+04 1.062096e+04 1.042585e+04 1.064661e+04
1.031156e+04 1.049109e+04 1.026677e+04 1.053588e+04
1.010816e+04 1.036203e+04 1.015018e+04 1.032001e+04
1.003901e+04 1.027794e+04 1.010421e+04 1.021274e+04
1.018273e+04 1.023388e+04 1.017094e+04 1.024567e+04
1.026659e+04 1.021383e+04 1.031150e+04 1.016892e+04
1.035913e+04 1.020553e+04 1.042260e+04 1.014206e+04
1.041011e+04 1.020261e+04 1.046989e+04 1.014282e+04
1.045581e+04 1.020187e+04 1.040558e+04 1.025210e+04
1.030673e+04 1.020195e+04 1.026669e+04 1.024199e+04
1.011277e+04 1.020247e+04 1.015640e+04 1.015885e+04
1.011950e+04 1.020295e+04 1.010682e+04 1.021562e+04
1.016023e+04 1.020338e+04 1.015307e+04 1.021053e+04
1.032553e+04 1.020379e+04 1.026147e+04 1.026786e+04
1.031273e+04 1.020420e+04 1.034767e+04 1.016925e+04
1.031512e+04 1.020460e+04 1.038348e+04 1.013624e+04
1.033593e+04 1.020499e+04 1.033063e+04 1.021030e+04
1.030844e+04 1.020536e+04 1.021938e+04 1.029441e+04
1.011633e+04 1.020567e+04 1.013202e+04 1.018998e+04
1.008790e+04 1.020592e+04 1.009572e+04 1.019810e+04
1.011221e+04 1.020612e+04 1.014837e+04 1.016996e+04
1.027977e+04 1.020630e+04 1.025951e+04 1.022657e+04
1.031962e+04 1.020647e+04 1.034682e+04 1.017928e+04
1.039225e+04 1.020663e+04 1.038302e+04 1.021586e+04
1.030760e+04 1.020678e+04 1.033029e+04 1.018408e+04
1.014503e+04 1.020690e+04 1.021910e+04 1.013284e+04
1.010600e+04 1.020700e+04 1.013204e+04 1.018096e+04
1.019325e+04 1.020945e+04 1.010533e+04 1.029737e+04
1.025571e+04 1.028199e+04 1.019584e+04 1.034186e+04
1.037207e+04 1.043373e+04 1.035591e+04 1.044989e+04
1.046169e+04 1.057236e+04 1.047241e+04 1.056164e+04
1.048576e+04 1.065822e+04 1.051141e+04 1.063257e+04
1.048613e+04 1.063171e+04 1.042496e+04 1.069287e+04
1.023442e+04 1.050109e+04 1.026594e+04 1.046957e+04
1.019668e+04 1.037129e+04 1.014936e+04 1.041861e+04
1.013391e+04 1.028644e+04 1.010341e+04 1.031695e+04
1.029078e+04 1.024159e+04 1.017012e+04 1.036225e+04
1.035257e+04 1.022071e+04 1.031063e+04 1.026266e+04
1.034593e+04 1.021154e+04 1.042164e+04 1.013583e+04
1.047570e+04 1.020771e+04 1.046883e+04 1.021458e+04
1.051696e+04 1.020605e+04 1.040442e+04 1.031860e+04
1.030781e+04 1.020521e+04 1.026545e+04 1.024757e+04
1.002671e+04 1.020482e+04 1.015516e+04 1.007637e+04
1.003978e+04 1.020440e+04 1.010820e+04 1.013598e+04
1.016606e+04 1.020396e+04 1.017260e+04 1.019742e+04
1.027104e+04 1.020349e+04 1.031146e+04 1.016306e+04
1.039800e+04 1.020299e+04 1.042160e+04 1.017940e+04
1.043945e+04 1.020247e+04 1.046836e+04 1.017355e+04
1.041577e+04 1.020194e+04 1.040377e+04 1.021394e+04
1.018465e+04 1.020139e+04 1.026471e+04 1.012133e+04
1.004081e+04 1.020081e+04 1.015429e+04 1.008733e+04
1.004143e+04 1.020019e+04 1.010463e+04 1.013699e+04
1.020974e+04 1.019951e+04 1.015078e+04 1.025846e+04
1.032297e+04 1.019878e+04 1.025904e+04 1.026271e+04
1.034945e+04 1.019802e+04 1.034509e+04 1.020238e+04
1.038556e+04 1.019725e+04 1.038074e+04 1.020206e+04
1.045251e+04 1.019647e+04 1.032774e+04 1.032124e+04
1.030401e+04 1.019567e+04 1.021637e+04 1.028332e+04
1.013716e+04 1.019487e+04 1.012920e+04 1.020283e+04
1.008194e+04 1.019643e+04 1.010238e+04 1.017599e+04
1.022340e+04 1.026808e+04 1.019281e+04 1.029867e+04
1.036382e+04 1.041894e+04 1.035281e+04 1.042996e+04
1.041560e+04 1.055673e+04 1.046922e+04 1.050311e+04
1.053931e+04 1.064176e+04 1.050812e+04 1.067295e+04
1.050706e+04 1.061444e+04 1.042156e+04 1.069994e+04
1.029118e+04 1.048302e+04 1.026244e+04 1.051176e+04
1.008457e+04 1.035243e+04 1.014571e+04 1.029129e+04
1.015821e+04 1.026683e+04 1.009703e+04 1.032801e+04
1.015110e+04 1.022126e+04 1.014549e+04 1.022688e+04
1.026560e+04 1.019974e+04 1.025540e+04 1.020994e+04
1.026066e+04 1.018999e+04 1.034232e+04 1.010833e+04
1.036249e+04 1.018565e+04 1.037838e+04 1.016975e+04
1.035493e+04 1.018353e+04 1.032555e+04 1.021291e+04
1.024573e+04 1.018231e+04 1.021429e+04 1.021374e+04
1.011484e+04 1.018161e+04 1.012700e+04 1.016945e+04
1.014572e+04 1.018094e+04 1.009340e+04 1.023326e+04
1.023466e+04 1.018029e+04 1.016429e+04 1.025066e+04
1.045676e+04 1.017965e+04 1.030598e+04 1.033042e+04
1.045911e+04 1.017901e+04 1.041731e+04 1.022081e+04
1.049292e+04 1.017841e+04 1.046454e+04 1.020679e+04
1.046631e+04 1.017783e+04 1.040013e+04 1.024401e+04
1.038866e+04 1.017730e+04 1.026118e+04 1.030478e+04
1.020103e+04 1.017681e+04 1.015114e+04 1.022670e+04
1.013354e+04 1.017874e+04 1.011116e+04 1.020113e+04
1.021476e+04 1.025084e+04 1.019530e+04 1.027029e+04
1.035565e+04 1.040221e+04 1.035268e+04 1.040519e+04
1.044337e+04 1.054056e+04 1.046813e+04 1.051580e+04
1.053414e+04 1.062621e+04 1.050680e+04 1.065355e+04
1.049602e+04 1.059956e+04 1.042030e+04 1.067528e+04
1.025590e+04 1.046886e+04 1.026135e+04 1.046341e+04
1.013397e+04 1.033905e+04 1.014516e+04 1.032785e+04
1.013005e+04 1.025664e+04 1.010627e+04 1.028042e+04
1.019636e+04 1.028443e+04 1.019283e+04 1.028796e+04
1.032090e+04 1.041552e+04 1.035196e+04 1.038447e+04
1.042786e+04 1.054536e+04 1.046842e+04 1.050479e+04
1.044180e+04 1.062788e+04 1.050766e+04 1.056202e+04
1.052330e+04 1.060030e+04 1.042149e+04 1.070211e+04
1.028215e+04 1.046950e+04 1.026278e+04 1.048887e+04
1.006172e+04 1.034006e+04 1.014656e+04 1.025523e+04
1.011298e+04 1.025564e+04 1.010095e+04 1.026767e+04
1.011701e+04 1.021129e+04 1.016805e+04 1.016025e+04
1.021127e+04 1.019100e+04 1.030897e+04 1.009330e+04
1.031887e+04 1.018249e+04 1.042041e+04 1.008095e+04
1.044311e+04 1.017941e+04 1.046805e+04 1.015448e+04
1.040842e+04 1.017854e+04 1.040408e+04 1.018288e+04
1.023522e+04 1.017854e+04 1.026556e+04 1.014821e+04
1.011559e+04 1.017903e+04 1.015566e+04 1.013895e+04
1.012467e+04 1.017951e+04 1.010651e+04 1.019767e+04
1.010369e+04 1.017999e+04 1.015320e+04 1.013048e+04
1.020284e+04 1.018045e+04 1.026203e+04 1.012125e+04
1.030846e+04 1.018091e+04 1.034867e+04 1.014070e+04
1.042474e+04 1.018135e+04 1.038490e+04 1.022119e+04
1.027031e+04 1.018178e+04 1.033245e+04 1.011964e+04
1.015734e+04 1.018219e+04 1.022162e+04 1.011791e+04
1.013759e+04 1.018257e+04 1.013470e+04 1.018546e+04
1.020990e+04 1.018290e+04 1.009887e+04 1.029393e+04
1.022548e+04 1.018320e+04 1.015200e+04 1.025668e+04
1.023080e+04 1.018344e+04 1.026363e+04 1.015062e+04
1.028061e+04 1.018363e+04 1.035142e+04 1.011281e+04
1.042150e+04 1.018375e+04 1.038809e+04 1.021716e+04
1.038556e+04 1.018381e+04 1.033579e+04 1.023358e+04
1.024446e+04 1.018378e+04 1.022494e+04 1.020330e+04
1.013685e+04 1.018368e+04 1.013818e+04 1.018235e+04
1.011438e+04 1.018586e+04 1.011175e+04 1.018849e+04
1.023535e+04 1.025806e+04 1.020256e+04 1.029085e+04
1.044405e+04 1.040939e+04 1.036300e+04 1.049043e+04
1.045063e+04 1.054754e+04 1.047992e+04 1.051825e+04
1.042167e+04 1.063282e+04 1.051934e+04 1.053515e+04
1.043130e+04 1.060565e+04 1.043324e+04 1.060372e+04
1.030832e+04 1.047425e+04 1.027443e+04 1.050814e+04
1.014170e+04 1.034356e+04 1.015797e+04 1.032729e+04
1.011470e+04 1.025772e+04 1.011208e+04 1.026034e+04
1.012831e+04 1.021178e+04 1.017889e+04 1.016120e+04
1.037700e+04 1.018973e+04 1.031960e+04 1.024712e+04
1.043955e+04 1.017931e+04 1.043906e+04 1.017980e+04
