8.935672e+03 8.910371e+03 8.955128e+03 8.890915e+03
8.942187e+03 8.910475e+03 8.955119e+03 8.897543e+03
8.953916e+03 8.910579e+03 8.955092e+03 8.909403e+03
8.989633e+03 8.910683e+03 8.955023e+03 8.945293e+03
8.964328e+03 8.911076e+03 8.953564e+03 8.921840e+03
8.909605e+03 8.920032e+03 8.936336e+03 8.893301e+03
8.853729e+03 8.938665e+03 8.903433e+03 8.888961e+03
8.861460e+03 8.955700e+03 8.874955e+03 8.942205e+03
8.806396e+03 8.966290e+03 8.858865e+03 8.913821e+03
8.820811e+03 8.963155e+03 8.867137e+03 8.916829e+03
8.880581e+03 8.947303e+03 8.895956e+03 8.931927e+03
8.939747e+03 8.931552e+03 8.922682e+03 8.948618e+03
8.929248e+03 8.921457e+03 8.938179e+03 8.912526e+03
8.899983e+03 8.921025e+03 8.936171e+03 8.884836e+03
8.895780e+03 8.928918e+03 8.921245e+03 8.903453e+03
8.878421e+03 8.937348e+03 8.907423e+03 8.908346e+03
8.889658e+03 8.942834e+03 8.900170e+03 8.932321e+03
8.882985e+03 8.940928e+03 8.906471e+03 8.917441e+03
8.951197e+03 8.932028e+03 8.923356e+03 8.959869e+03
8.942503e+03 8.923241e+03 8.937947e+03 8.927797e+03
8.931009e+03 8.917487e+03 8.944561e+03 8.903935e+03
8.923553e+03 8.913651e+03 8.943056e+03 8.894147e+03
9.013634e+03 8.910536e+03 8.940039e+03 8.984131e+03
9.008101e+03 8.908364e+03 8.940110e+03 8.976355e+03
9.004453e+03 8.907156e+03 8.943699e+03 8.967911e+03
8.975833e+03 8.907379e+03 8.950854e+03 8.932357e+03
8.978179e+03 8.908847e+03 8.956607e+03 8.930420e+03
8.930140e+03 8.910334e+03 8.957805e+03 8.882670e+03
8.939927e+03 8.911463e+03 8.955716e+03 8.895673e+03
8.934982e+03 8.916903e+03 8.944152e+03 8.907733e+03
8.951489e+03 8.927461e+03 8.924754e+03 8.954196e+03
8.937419e+03 8.936989e+03 8.909028e+03 8.965380e+03
8.948734e+03 8.942857e+03 8.901062e+03 8.990529e+03
8.920939e+03 8.941044e+03 8.907146e+03 8.954838e+03
8.923190e+03 8.932126e+03 8.924004e+03 8.931312e+03
8.972114e+03 8.923258e+03 8.938678e+03 8.956694e+03
8.983829e+03 8.917424e+03 8.945382e+03 8.955872e+03
8.981359e+03 8.913514e+03 8.943962e+03 8.950910e+03
8.983063e+03 8.910331e+03 8.941020e+03 8.952374e+03
8.982712e+03 8.908098e+03 8.941154e+03 8.949656e+03
8.958238e+03 8.906836e+03 8.944797e+03 8.920277e+03
8.950784e+03 8.907012e+03 8.952000e+03 8.905795e+03
8.955721e+03 8.908437e+03 8.957794e+03 8.906364e+03
8.984419e+03 8.909884e+03 8.959032e+03 8.935271e+03
9.001856e+03 8.911106e+03 8.956829e+03 8.956133e+03
8.958672e+03 8.920432e+03 8.938694e+03 8.940410e+03
8.894603e+03 8.939162e+03 8.905250e+03 8.928516e+03
8.869453e+03 8.956162e+03 8.876551e+03 8.949064e+03
8.854190e+03 8.966658e+03 8.860414e+03 8.960434e+03
8.867829e+03 8.963409e+03 8.868732e+03 8.962507e+03
8.926273e+03 8.947435e+03 8.897632e+03 8.976077e+03
9.004376e+03 8.931559e+03 8.924459e+03 9.011476e+03
9.011524e+03 8.921342e+03 8.940072e+03 8.992794e+03
8.967665e+03 8.920793e+03 8.938173e+03 8.950285e+03
8.896870e+03 8.928579e+03 8.923343e+03 8.902106e+03
8.892550e+03 8.936912e+03 8.909602e+03 8.919860e+03
8.865871e+03 8.942313e+03 8.902416e+03 8.905767e+03
8.872338e+03 8.940329e+03 8.908773e+03 8.903894e+03
8.885274e+03 8.931358e+03 8.925710e+03 8.890921e+03
8.916123e+03 8.922500e+03 8.940397e+03 8.898225e+03
8.918254e+03 8.916996e+03 8.947867e+03 8.887383e+03
8.902131e+03 8.922781e+03 8.935131e+03 8.889781e+03
8.920320e+03 8.939883e+03 8.904266e+03 8.955936e+03
8.910180e+03 8.956191e+03 8.876686e+03 8.989685e+03
8.876424e+03 8.966426e+03 8.860981e+03 8.981869e+03
8.866330e+03 8.963090e+03 8.869440e+03 8.959981e+03
8.868572e+03 8.947097e+03 8.898371e+03 8.917297e+03
8.912370e+03 8.931236e+03 8.925134e+03 8.918472e+03
8.944131e+03 8.920842e+03 8.939769e+03 8.925204e+03
8.945080e+03 8.914533e+03 8.942530e+03 8.917083e+03
8.969749e+03 8.910251e+03 8.941500e+03 8.938500e+03
8.943557e+03 8.907556e+03 8.942430e+03 8.908683e+03
8.918588e+03 8.906126e+03 8.946354e+03 8.878360e+03
8.948924e+03 8.906252e+03 8.953628e+03 8.901548e+03
8.965883e+03 8.907674e+03 8.959413e+03 8.914144e+03
8.969033e+03 8.909143e+03 8.960557e+03 8.917619e+03
8.960998e+03 8.910066e+03 8.957506e+03 8.913557e+03
8.916731e+03 8.909724e+03 8.950605e+03 8.875850e+03
8.894476e+03 8.908200e+03 8.945002e+03 8.857674e+03
8.927370e+03 8.906691e+03 8.943932e+03 8.890129e+03
8.968809e+03 8.905726e+03 8.947054e+03 8.927481e+03
8.976376e+03 8.906025e+03 8.954022e+03 8.928379e+03
8.983103e+03 8.907509e+03 8.959689e+03 8.930922e+03
9.000176e+03 8.908976e+03 8.960861e+03 8.948291e+03
8.989328e+03 8.910088e+03 8.958751e+03 8.940664e+03
8.987751e+03 8.915513e+03 8.947165e+03 8.956098e+03
8.927125e+03 8.926057e+03 8.927745e+03 8.925436e+03
8.916285e+03 8.935574e+03 8.911993e+03 8.939866e+03
8.928686e+03 8.941437e+03 8.903995e+03 8.966128e+03
8.943291e+03 8.939622e+03 8.910040e+03 8.972873e+03
8.915154e+03 8.930708e+03 8.926854e+03 8.919008e+03
8.932391e+03 8.921847e+03 8.941519e+03 8.912719e+03
8.933271e+03 8.916343e+03 8.948971e+03 8.900643e+03
8.934086e+03 8.922130e+03 8.936215e+03 8.920001e+03
8.885965e+03 8.939232e+03 8.905333e+03 8.919864e+03
8.861122e+03 8.955537e+03 8.877740e+03 8.938919e+03
8.820679e+03 8.965766e+03 8.862027e+03 8.924418e+03
8.844915e+03 8.962423e+03 8.870479e+03 8.936859e+03
8.899360e+03 8.946421e+03 8.899403e+03 8.946378e+03
8.918832e+03 8.930556e+03 8.926197e+03 8.923191e+03
8.919932e+03 8.920477e+03 8.941620e+03 8.898789e+03
8.912295e+03 8.923854e+03 8.933084e+03 8.903064e+03
8.874957e+03 8.939846e+03 8.904151e+03 8.910651e+03
8.841724e+03 8.955679e+03 8.877390e+03 8.920013e+03
8.821186e+03 8.965728e+03 8.861994e+03 8.924921e+03
8.848446e+03 8.962326e+03 8.870551e+03 8.940221e+03
8.870424e+03 8.946313e+03 8.899498e+03 8.917239e+03
8.934122e+03 8.930461e+03 8.926228e+03 8.938356e+03
8.922356e+03 8.920076e+03 8.940828e+03 8.901604e+03
8.909710e+03 8.913778e+03 8.943555e+03 8.879933e+03
8.892701e+03 8.909505e+03 8.942493e+03 8.859713e+03
8.888017e+03 8.906819e+03 8.943392e+03 8.851444e+03
8.864210e+03 8.905397e+03 8.947285e+03 8.822323e+03
8.898462e+03 8.905533e+03 8.954525e+03 8.849470e+03
8.929769e+03 8.906964e+03 8.960275e+03 8.876459e+03
8.934310e+03 8.908443e+03 8.961425e+03 8.881328e+03
8.973771e+03 8.909565e+03 8.959286e+03 8.924049e+03
8.990987e+03 8.915010e+03 8.947658e+03 8.958339e+03
8.951202e+03 8.925579e+03 8.928189e+03 8.948592e+03
8.911933e+03 8.935122e+03 8.912387e+03 8.934668e+03
8.894966e+03 8.941011e+03 8.904340e+03 8.931637e+03
8.921758e+03 8.939223e+03 8.910336e+03 8.950645e+03
8.945657e+03 8.930336e+03 8.927099e+03 8.948893e+03
8.968684e+03 8.921502e+03 8.941671e+03 8.948515e+03
8.977099e+03 8.915707e+03 8.948269e+03 8.944537e+03
8.965176e+03 8.911835e+03 8.946745e+03 8.930266e+03
8.982800e+03 8.908689e+03 8.943702e+03 8.947787e+03
8.970544e+03 8.906493e+03 8.943741e+03 8.933295e+03
8.986081e+03 8.905267e+03 8.947291e+03 8.944057e+03
8.979462e+03 8.905480e+03 8.954398e+03 8.930543e+03
8.979485e+03 8.906945e+03 8.960093e+03 8.926336e+03
8.954581e+03 8.908437e+03 8.961228e+03 8.901789e+03
8.944474e+03 8.909706e+03 8.958919e+03 8.895261e+03
8.961864e+03 8.919081e+03 8.940676e+03 8.940269e+03
8.937512e+03 8.937860e+03 8.907127e+03 8.968245e+03
8.892544e+03 8.954908e+03 8.878326e+03 8.969126e+03
8.881697e+03 8.965453e+03 8.862090e+03 8.985060e+03
8.875885e+03 8.962253e+03 8.870305e+03 8.967834e+03
8.906804e+03 8.946333e+03 8.899098e+03 8.954040e+03
8.940488e+03 8.930514e+03 8.925813e+03 8.945190e+03
8.930266e+03 8.920356e+03 8.941310e+03 8.909312e+03
8.939632e+03 8.919868e+03 8.939298e+03 8.920202e+03
8.922945e+03 8.927713e+03 8.924357e+03 8.926300e+03
8.909650e+03 8.936106e+03 8.910509e+03 8.935248e+03
8.941162e+03 8.941568e+03 8.903215e+03 8.979516e+03
8.948855e+03 8.939650e+03 8.909460e+03 8.979044e+03
8.978906e+03 8.930747e+03 8.926279e+03 8.983374e+03
8.983105e+03 8.921966e+03 8.940836e+03 8.964235e+03
8.991672e+03 8.916417e+03 8.948315e+03 8.959775e+03
8.988422e+03 8.918378e+03 8.942030e+03 8.964771e+03
8.973877e+03 8.927380e+03 8.925076e+03 8.976181e+03
8.945674e+03 8.936298e+03 8.910322e+03 8.971650e+03
8.908185e+03 8.941997e+03 8.902631e+03 8.947551e+03
8.884523e+03 8.940198e+03 8.908687e+03 8.916034e+03
8.927541e+03 8.931371e+03 8.925394e+03 8.933517e+03
8.931913e+03 8.922639e+03 8.939888e+03 8.914664e+03
8.918456e+03 8.917268e+03 8.947153e+03 8.888571e+03
8.879251e+03 8.923194e+03 8.934204e+03 8.868242e+03
8.851825e+03 8.940441e+03 8.903120e+03 8.889146e+03
8.863273e+03 8.956898e+03 8.875318e+03 8.944852e+03
8.888379e+03 8.967284e+03 8.859390e+03 8.996272e+03
8.855204e+03 8.964101e+03 8.867622e+03 8.951683e+03
8.873736e+03 8.948265e+03 8.896321e+03 8.925680e+03
8.893709e+03 8.932566e+03 8.922845e+03 8.903430e+03
8.902388e+03 8.922337e+03 8.937234e+03 8.887491e+03
8.850807e+03 8.916197e+03 8.939745e+03 8.827259e+03
8.853903e+03 8.912087e+03 8.938462e+03 8.827527e+03
8.896385e+03 8.909565e+03 8.939138e+03 8.866811e+03
8.923834e+03 8.908307e+03 8.942808e+03 8.889333e+03
8.924115e+03 8.908605e+03 8.949827e+03 8.882893e+03
8.873668e+03 8.910197e+03 8.955360e+03 8.828505e+03
8.930315e+03 8.911834e+03 8.956255e+03 8.885895e+03
8.997025e+03 8.912924e+03 8.952953e+03 8.956997e+03
8.978778e+03 8.912749e+03 8.945803e+03 8.945723e+03
8.908295e+03 8.911388e+03 8.939952e+03 8.879731e+03
8.936031e+03 8.910040e+03 8.938636e+03 8.907435e+03
9.000637e+03 8.909233e+03 8.941517e+03 8.968352e+03
8.983186e+03 8.909679e+03 8.948258e+03 8.944607e+03
8.955954e+03 8.911295e+03 8.953721e+03 8.913528e+03
8.910056e+03 8.912880e+03 8.954708e+03 8.868228e+03
8.907554e+03 8.914096e+03 8.952432e+03 8.869219e+03
8.920964e+03 8.919618e+03 8.940685e+03 8.899897e+03
8.910015e+03 8.930257e+03 8.921101e+03 8.919171e+03
8.893823e+03 8.939865e+03 8.905187e+03 8.928500e+03
8.878168e+03 8.945809e+03 8.897039e+03 8.926938e+03
8.888000e+03 8.944063e+03 8.902954e+03 8.929109e+03
8.907126e+03 8.935201e+03 8.919663e+03 8.922664e+03
8.970940e+03 8.926376e+03 8.934249e+03 8.963067e+03
8.942667e+03 8.920888e+03 8.941645e+03 8.921910e+03
8.923410e+03 8.926672e+03 8.928851e+03 8.921232e+03
8.921509e+03 8.943749e+03 8.897950e+03 8.967307e+03
8.990725e+03 8.960005e+03 8.869782e+03 9.080948e+03
