1.075194e+04 1.074578e+04 1.082082e+04 1.067691e+04
1.064381e+04 1.074598e+04 1.082170e+04 1.056808e+04
1.086049e+04 1.074617e+04 1.082247e+04 1.078420e+04
1.092011e+04 1.074637e+04 1.082292e+04 1.084355e+04
1.089780e+04 1.074697e+04 1.081527e+04 1.082949e+04
1.088284e+04 1.075974e+04 1.077872e+04 1.086387e+04
1.079644e+04 1.078629e+04 1.072734e+04 1.085539e+04
1.070664e+04 1.081058e+04 1.069366e+04 1.082357e+04
1.065629e+04 1.082571e+04 1.068602e+04 1.079598e+04
1.064141e+04 1.082132e+04 1.071710e+04 1.074563e+04
1.075808e+04 1.079885e+04 1.076720e+04 1.078973e+04
1.075872e+04 1.077654e+04 1.080104e+04 1.073422e+04
1.073808e+04 1.076242e+04 1.080656e+04 1.069394e+04
1.077412e+04 1.076670e+04 1.077146e+04 1.076936e+04
1.079314e+04 1.078805e+04 1.072187e+04 1.085932e+04
1.074014e+04 1.080930e+04 1.069352e+04 1.085593e+04
1.073830e+04 1.082287e+04 1.069380e+04 1.086737e+04
1.079472e+04 1.081849e+04 1.073301e+04 1.088021e+04
1.086427e+04 1.079728e+04 1.078511e+04 1.087644e+04
1.084623e+04 1.077628e+04 1.081497e+04 1.080753e+04
1.075887e+04 1.076241e+04 1.081561e+04 1.070567e+04
1.077118e+04 1.074930e+04 1.078647e+04 1.073402e+04
1.079874e+04 1.073360e+04 1.075591e+04 1.077643e+04
1.081226e+04 1.072087e+04 1.074644e+04 1.078669e+04
1.082063e+04 1.071334e+04 1.075925e+04 1.077472e+04
1.074429e+04 1.071539e+04 1.079575e+04 1.066393e+04
1.080250e+04 1.072612e+04 1.082997e+04 1.069865e+04
1.074973e+04 1.073685e+04 1.084127e+04 1.064531e+04
1.065213e+04 1.074427e+04 1.082954e+04 1.056686e+04
1.065979e+04 1.075982e+04 1.078437e+04 1.063524e+04
1.073334e+04 1.078631e+04 1.072973e+04 1.078993e+04
1.067427e+04 1.080970e+04 1.069900e+04 1.078496e+04
1.067530e+04 1.082404e+04 1.069819e+04 1.080114e+04
1.063152e+04 1.081987e+04 1.073687e+04 1.071453e+04
1.072821e+04 1.079865e+04 1.078866e+04 1.073820e+04
1.076770e+04 1.077753e+04 1.081835e+04 1.072688e+04
1.078511e+04 1.076354e+04 1.081885e+04 1.072981e+04
1.073443e+04 1.075033e+04 1.078957e+04 1.069519e+04
1.079477e+04 1.073452e+04 1.075887e+04 1.077041e+04
1.075887e+04 1.072170e+04 1.074927e+04 1.073130e+04
1.075799e+04 1.071409e+04 1.076193e+04 1.071014e+04
1.085368e+04 1.071606e+04 1.079829e+04 1.077145e+04
1.088294e+04 1.072673e+04 1.083239e+04 1.077728e+04
1.083979e+04 1.073740e+04 1.084367e+04 1.073352e+04
1.078224e+04 1.074478e+04 1.083468e+04 1.069233e+04
1.083009e+04 1.076106e+04 1.079429e+04 1.079686e+04
1.074020e+04 1.078913e+04 1.073991e+04 1.078942e+04
1.074278e+04 1.081396e+04 1.070436e+04 1.085238e+04
1.071449e+04 1.082919e+04 1.069555e+04 1.084813e+04
1.068607e+04 1.082473e+04 1.072587e+04 1.078493e+04
1.075072e+04 1.080211e+04 1.077540e+04 1.077743e+04
1.091462e+04 1.077959e+04 1.080877e+04 1.088544e+04
1.086895e+04 1.076529e+04 1.081393e+04 1.082031e+04
1.079237e+04 1.076937e+04 1.077848e+04 1.078326e+04
1.071827e+04 1.079055e+04 1.072853e+04 1.078029e+04
1.070515e+04 1.081165e+04 1.069982e+04 1.081698e+04
1.068921e+04 1.082508e+04 1.069974e+04 1.081455e+04
1.070659e+04 1.082057e+04 1.073862e+04 1.078855e+04
1.082346e+04 1.079924e+04 1.079041e+04 1.083229e+04
1.086159e+04 1.077812e+04 1.082009e+04 1.081962e+04
1.078753e+04 1.076474e+04 1.082342e+04 1.072885e+04
1.078912e+04 1.077007e+04 1.078960e+04 1.076959e+04
1.072759e+04 1.079309e+04 1.073826e+04 1.078242e+04
1.073028e+04 1.081575e+04 1.070400e+04 1.084203e+04
1.073494e+04 1.083013e+04 1.069567e+04 1.086939e+04
1.074080e+04 1.082535e+04 1.072614e+04 1.084001e+04
1.075094e+04 1.080262e+04 1.077569e+04 1.077786e+04
1.083433e+04 1.078010e+04 1.080902e+04 1.080541e+04
1.084340e+04 1.076520e+04 1.081406e+04 1.079455e+04
1.084884e+04 1.075149e+04 1.078789e+04 1.081245e+04
1.080331e+04 1.073545e+04 1.075882e+04 1.077994e+04
1.081271e+04 1.072252e+04 1.074992e+04 1.078532e+04
1.072596e+04 1.071486e+04 1.076283e+04 1.067799e+04
1.077407e+04 1.071681e+04 1.079923e+04 1.069165e+04
1.089218e+04 1.072746e+04 1.083330e+04 1.078634e+04
1.091926e+04 1.073811e+04 1.084442e+04 1.081295e+04
1.085393e+04 1.074487e+04 1.083243e+04 1.076637e+04
1.074895e+04 1.074256e+04 1.079641e+04 1.069511e+04
1.072649e+04 1.073178e+04 1.076251e+04 1.069576e+04
1.072366e+04 1.072110e+04 1.075145e+04 1.069330e+04
1.077380e+04 1.071431e+04 1.076349e+04 1.072462e+04
1.078070e+04 1.071657e+04 1.079956e+04 1.069771e+04
1.078130e+04 1.072731e+04 1.083349e+04 1.067512e+04
1.080755e+04 1.073793e+04 1.084460e+04 1.070089e+04
1.076697e+04 1.074525e+04 1.083268e+04 1.067954e+04
1.081758e+04 1.076070e+04 1.078735e+04 1.079092e+04
1.074238e+04 1.078708e+04 1.073256e+04 1.079690e+04
1.072570e+04 1.081036e+04 1.070170e+04 1.083437e+04
1.074166e+04 1.082460e+04 1.070075e+04 1.086551e+04
1.072711e+04 1.082034e+04 1.073930e+04 1.080815e+04
1.078072e+04 1.079903e+04 1.079097e+04 1.078878e+04
1.085421e+04 1.077783e+04 1.082065e+04 1.081140e+04
1.085112e+04 1.076437e+04 1.082398e+04 1.079150e+04
1.079225e+04 1.076962e+04 1.079018e+04 1.077169e+04
1.070428e+04 1.079255e+04 1.073887e+04 1.075796e+04
1.069122e+04 1.081512e+04 1.070465e+04 1.080168e+04
1.071809e+04 1.082940e+04 1.069637e+04 1.085113e+04
1.070264e+04 1.082451e+04 1.072687e+04 1.080029e+04
1.073933e+04 1.080168e+04 1.077646e+04 1.076455e+04
1.069971e+04 1.077906e+04 1.080993e+04 1.066884e+04
1.072648e+04 1.076468e+04 1.081794e+04 1.067321e+04
1.077555e+04 1.076943e+04 1.078738e+04 1.075760e+04
1.068352e+04 1.079213e+04 1.073782e+04 1.073783e+04
1.066961e+04 1.081460e+04 1.070442e+04 1.077979e+04
1.064028e+04 1.082884e+04 1.069648e+04 1.077264e+04
1.064622e+04 1.082395e+04 1.072713e+04 1.074304e+04
1.073855e+04 1.080111e+04 1.077677e+04 1.076290e+04
1.077147e+04 1.077851e+04 1.081014e+04 1.073984e+04
1.079877e+04 1.076352e+04 1.081520e+04 1.074709e+04
1.085946e+04 1.074972e+04 1.078907e+04 1.082011e+04
1.075725e+04 1.073358e+04 1.076004e+04 1.073079e+04
1.068587e+04 1.072056e+04 1.075119e+04 1.065524e+04
1.071069e+04 1.071281e+04 1.076415e+04 1.065935e+04
1.074003e+04 1.071467e+04 1.080059e+04 1.065411e+04
1.092584e+04 1.072522e+04 1.083469e+04 1.081638e+04
1.093061e+04 1.073579e+04 1.084584e+04 1.082055e+04
1.083929e+04 1.074304e+04 1.083395e+04 1.074838e+04
1.083056e+04 1.075844e+04 1.078864e+04 1.080036e+04
1.074710e+04 1.078479e+04 1.073386e+04 1.079802e+04
1.064347e+04 1.080804e+04 1.070301e+04 1.074850e+04
1.069347e+04 1.082225e+04 1.070208e+04 1.081364e+04
1.073288e+04 1.081797e+04 1.074064e+04 1.081021e+04
1.084697e+04 1.079664e+04 1.079232e+04 1.085129e+04
1.083731e+04 1.077542e+04 1.082188e+04 1.079085e+04
1.080122e+04 1.076133e+04 1.082227e+04 1.074028e+04
1.072695e+04 1.074801e+04 1.079289e+04 1.068207e+04
1.073895e+04 1.073210e+04 1.076211e+04 1.070895e+04
1.075453e+04 1.071918e+04 1.075243e+04 1.072128e+04
1.071692e+04 1.071148e+04 1.076504e+04 1.066336e+04
1.080760e+04 1.071336e+04 1.080133e+04 1.071962e+04
1.080843e+04 1.072394e+04 1.083536e+04 1.069702e+04
1.078514e+04 1.073454e+04 1.084656e+04 1.067311e+04
1.085897e+04 1.074186e+04 1.083750e+04 1.076333e+04
1.085257e+04 1.075808e+04 1.079704e+04 1.081362e+04
1.078709e+04 1.078610e+04 1.074260e+04 1.083059e+04
1.074740e+04 1.081088e+04 1.070701e+04 1.085127e+04
1.072454e+04 1.082606e+04 1.069816e+04 1.085244e+04
1.076846e+04 1.082156e+04 1.072843e+04 1.086159e+04
1.084306e+04 1.079890e+04 1.077790e+04 1.086407e+04
1.094234e+04 1.077637e+04 1.081121e+04 1.090750e+04
1.092123e+04 1.076205e+04 1.081629e+04 1.086698e+04
1.082783e+04 1.076612e+04 1.078078e+04 1.081318e+04
1.074448e+04 1.078730e+04 1.073077e+04 1.080101e+04
1.071534e+04 1.080840e+04 1.070201e+04 1.082174e+04
1.072684e+04 1.082185e+04 1.070188e+04 1.084681e+04
1.070688e+04 1.081738e+04 1.074069e+04 1.078356e+04
1.084492e+04 1.079609e+04 1.079241e+04 1.084860e+04
1.084057e+04 1.077503e+04 1.082191e+04 1.079370e+04
1.086314e+04 1.076171e+04 1.082227e+04 1.080258e+04
1.076139e+04 1.076637e+04 1.078346e+04 1.074430e+04
1.068283e+04 1.078788e+04 1.073165e+04 1.073906e+04
1.072700e+04 1.080919e+04 1.070199e+04 1.083420e+04
1.071140e+04 1.082280e+04 1.070143e+04 1.083276e+04
1.071633e+04 1.081847e+04 1.074002e+04 1.079478e+04
1.085844e+04 1.079731e+04 1.079160e+04 1.086415e+04
1.088080e+04 1.077638e+04 1.082110e+04 1.083608e+04
1.085242e+04 1.076321e+04 1.082424e+04 1.079139e+04
1.071880e+04 1.076877e+04 1.079023e+04 1.069733e+04
1.056431e+04 1.079202e+04 1.073871e+04 1.061763e+04
1.065340e+04 1.081494e+04 1.070426e+04 1.076408e+04
1.076637e+04 1.082958e+04 1.069574e+04 1.090021e+04
1.073359e+04 1.082507e+04 1.072600e+04 1.083266e+04
1.079216e+04 1.080262e+04 1.077534e+04 1.081943e+04
1.086551e+04 1.078040e+04 1.080844e+04 1.083747e+04
1.081756e+04 1.076580e+04 1.081325e+04 1.077011e+04
1.080522e+04 1.075241e+04 1.078684e+04 1.077078e+04
1.072414e+04 1.073668e+04 1.075754e+04 1.070328e+04
1.077002e+04 1.072407e+04 1.074840e+04 1.074570e+04
1.080992e+04 1.071673e+04 1.076108e+04 1.076557e+04
1.082074e+04 1.071900e+04 1.079724e+04 1.074250e+04
1.077139e+04 1.072997e+04 1.083107e+04 1.067029e+04
1.088318e+04 1.074093e+04 1.084194e+04 1.078217e+04
1.095328e+04 1.074800e+04 1.082970e+04 1.087158e+04
1.084095e+04 1.074600e+04 1.079343e+04 1.079353e+04
1.069231e+04 1.073552e+04 1.075927e+04 1.066855e+04
1.066820e+04 1.072513e+04 1.074797e+04 1.064536e+04
1.083327e+04 1.071862e+04 1.075977e+04 1.079211e+04
1.084241e+04 1.072113e+04 1.079562e+04 1.076792e+04
1.083270e+04 1.073209e+04 1.082937e+04 1.073542e+04
1.081093e+04 1.074291e+04 1.084031e+04 1.071354e+04
1.081727e+04 1.075038e+04 1.082824e+04 1.073941e+04
1.084682e+04 1.076597e+04 1.078275e+04 1.083004e+04
1.072069e+04 1.079247e+04 1.072778e+04 1.078538e+04
1.064134e+04 1.081585e+04 1.069673e+04 1.076046e+04
1.066557e+04 1.083016e+04 1.069562e+04 1.080011e+04
1.069735e+04 1.082593e+04 1.073405e+04 1.078923e+04
1.073778e+04 1.080463e+04 1.078565e+04 1.075676e+04
1.085835e+04 1.078339e+04 1.081528e+04 1.082646e+04
1.074545e+04 1.076986e+04 1.081859e+04 1.069671e+04
1.066842e+04 1.077498e+04 1.078475e+04 1.065865e+04
1.075116e+04 1.079772e+04 1.073338e+04 1.081550e+04
1.078415e+04 1.082003e+04 1.069438e+04 1.090980e+04
