9.004543e+03 9.158685e+03 8.986318e+03 9.176910e+03
9.126031e+03 9.154263e+03 8.980841e+03 9.299453e+03
9.079963e+03 9.150000e+03 8.975661e+03 9.254303e+03
9.089650e+03 9.146002e+03 8.970845e+03 9.264807e+03
8.992676e+03 9.142244e+03 8.968914e+03 9.166006e+03
9.050022e+03 9.138666e+03 9.045415e+03 9.143273e+03
9.171826e+03 9.135169e+03 9.210647e+03 9.096348e+03
9.307143e+03 9.131684e+03 9.361538e+03 9.077288e+03
9.351015e+03 9.128231e+03 9.453760e+03 9.025486e+03
9.386372e+03 9.124852e+03 9.420740e+03 9.090484e+03
9.373240e+03 9.121578e+03 9.271518e+03 9.223300e+03
9.078415e+03 9.118425e+03 9.123399e+03 9.073441e+03
8.956163e+03 9.115399e+03 9.032500e+03 9.039062e+03
9.004577e+03 9.112501e+03 9.064636e+03 9.052442e+03
9.249008e+03 9.109731e+03 9.201496e+03 9.157243e+03
9.293530e+03 9.107088e+03 9.329727e+03 9.070891e+03
9.375558e+03 9.104570e+03 9.402728e+03 9.077400e+03
9.427827e+03 9.102175e+03 9.357559e+03 9.172443e+03
9.241080e+03 9.099899e+03 9.211569e+03 9.129410e+03
9.049936e+03 9.097741e+03 9.076528e+03 9.071149e+03
8.925897e+03 9.098080e+03 8.997564e+03 9.026414e+03
8.986862e+03 9.168778e+03 9.033994e+03 9.121646e+03
9.243270e+03 9.318968e+03 9.168448e+03 9.393790e+03
9.311934e+03 9.456164e+03 9.293386e+03 9.474711e+03
9.372809e+03 9.540609e+03 9.364859e+03 9.548559e+03
9.273684e+03 9.512588e+03 9.322918e+03 9.463354e+03
9.116809e+03 9.380356e+03 9.184121e+03 9.313044e+03
8.924780e+03 9.249046e+03 9.055483e+03 9.118343e+03
8.925393e+03 9.162888e+03 8.981065e+03 9.107215e+03
8.987654e+03 9.116926e+03 9.023742e+03 9.080838e+03
9.175972e+03 9.095114e+03 9.166654e+03 9.104431e+03
9.281520e+03 9.085161e+03 9.298465e+03 9.068215e+03
9.359451e+03 9.080682e+03 9.373836e+03 9.066297e+03
9.262637e+03 9.078473e+03 9.330474e+03 9.010636e+03
9.151818e+03 9.077172e+03 9.186017e+03 9.042973e+03
9.007798e+03 9.076399e+03 9.052307e+03 9.031891e+03
8.984510e+03 9.078047e+03 8.974556e+03 9.088001e+03
8.968713e+03 9.149975e+03 9.012128e+03 9.106560e+03
9.161421e+03 9.301326e+03 9.147683e+03 9.315063e+03
9.248298e+03 9.439622e+03 9.273702e+03 9.414218e+03
9.345238e+03 9.525112e+03 9.346232e+03 9.524118e+03
9.277574e+03 9.498079e+03 9.305315e+03 9.470338e+03
9.158918e+03 9.366775e+03 9.167489e+03 9.358204e+03
9.004886e+03 9.236334e+03 9.039608e+03 9.201612e+03
8.907679e+03 9.150986e+03 8.961607e+03 9.097058e+03
8.968163e+03 9.105775e+03 9.000700e+03 9.073238e+03
9.133861e+03 9.084658e+03 9.150843e+03 9.067676e+03
9.336211e+03 9.075346e+03 9.297322e+03 9.114235e+03
9.420889e+03 9.071455e+03 9.389932e+03 9.102411e+03
9.327664e+03 9.069784e+03 9.359149e+03 9.038299e+03
9.198747e+03 9.068967e+03 9.212741e+03 9.054973e+03
9.031566e+03 9.068624e+03 9.067644e+03 9.032547e+03
8.930156e+03 9.068269e+03 8.979535e+03 9.018889e+03
9.038974e+03 9.067903e+03 9.014302e+03 9.092575e+03
9.209796e+03 9.067544e+03 9.153701e+03 9.123639e+03
9.362865e+03 9.067206e+03 9.284424e+03 9.145647e+03
9.350838e+03 9.066893e+03 9.359865e+03 9.057866e+03
9.355608e+03 9.066599e+03 9.317057e+03 9.105150e+03
9.216300e+03 9.066320e+03 9.173309e+03 9.109311e+03
9.027232e+03 9.066052e+03 9.040214e+03 9.053070e+03
8.904562e+03 9.065796e+03 8.959169e+03 9.011189e+03
8.958543e+03 9.065550e+03 8.996892e+03 9.027201e+03
9.139221e+03 9.065315e+03 9.146598e+03 9.057938e+03
9.326222e+03 9.065092e+03 9.293072e+03 9.098242e+03
9.335818e+03 9.064881e+03 9.385864e+03 9.014835e+03
9.398172e+03 9.064683e+03 9.355327e+03 9.107528e+03
9.284370e+03 9.064499e+03 9.209178e+03 9.139691e+03
9.037222e+03 9.064329e+03 9.064326e+03 9.037225e+03
8.901691e+03 9.066559e+03 8.976047e+03 8.992203e+03
8.995820e+03 9.139050e+03 9.007181e+03 9.127689e+03
9.143941e+03 9.290944e+03 9.139742e+03 9.295143e+03
9.279208e+03 9.429755e+03 9.264745e+03 9.444219e+03
9.375177e+03 9.515733e+03 9.337214e+03 9.553696e+03
9.328521e+03 9.489166e+03 9.296646e+03 9.521041e+03
9.188241e+03 9.358314e+03 9.159299e+03 9.387256e+03
9.012067e+03 9.228312e+03 9.032081e+03 9.208299e+03
8.951861e+03 9.145765e+03 8.958577e+03 9.139049e+03
8.951119e+03 9.173598e+03 8.998649e+03 9.126069e+03
9.088432e+03 9.304910e+03 9.135711e+03 9.257631e+03
9.286706e+03 9.434928e+03 9.262759e+03 9.458875e+03
9.326247e+03 9.517519e+03 9.336089e+03 9.507677e+03
9.267237e+03 9.489771e+03 9.295873e+03 9.461135e+03
9.146888e+03 9.358587e+03 9.158704e+03 9.346770e+03
8.939919e+03 9.228739e+03 9.031591e+03 9.137067e+03
9.058826e+03 9.143977e+03 8.958608e+03 9.244195e+03
9.038636e+03 9.099348e+03 9.002622e+03 9.135362e+03
9.177837e+03 9.078810e+03 9.146782e+03 9.109865e+03
9.249176e+03 9.070075e+03 9.279770e+03 9.039481e+03
9.330151e+03 9.066761e+03 9.356261e+03 9.040652e+03
9.286138e+03 9.065668e+03 9.313976e+03 9.037830e+03
9.134279e+03 9.065428e+03 9.170558e+03 9.029149e+03
9.020921e+03 9.065659e+03 9.037695e+03 9.048885e+03
8.927752e+03 9.065877e+03 8.956851e+03 9.036779e+03
9.081738e+03 9.066087e+03 8.994754e+03 9.153072e+03
9.173666e+03 9.066306e+03 9.144606e+03 9.095366e+03
9.236755e+03 9.066550e+03 9.291195e+03 9.012111e+03
9.299026e+03 9.066824e+03 9.384082e+03 8.981768e+03
9.412836e+03 9.067130e+03 9.353639e+03 9.126327e+03
9.279134e+03 9.067461e+03 9.207598e+03 9.138997e+03
9.070899e+03 9.067794e+03 9.062727e+03 9.075967e+03
8.881121e+03 9.068116e+03 8.970544e+03 8.978692e+03
9.003313e+03 9.068411e+03 9.001252e+03 9.070472e+03
9.196779e+03 9.068683e+03 9.147394e+03 9.118069e+03
9.297769e+03 9.068952e+03 9.292282e+03 9.074439e+03
9.327493e+03 9.069231e+03 9.384455e+03 9.012269e+03
9.333551e+03 9.069520e+03 9.353741e+03 9.049329e+03
9.199061e+03 9.069818e+03 9.207599e+03 9.061280e+03
9.010217e+03 9.070126e+03 9.062855e+03 9.017487e+03
8.879426e+03 9.072824e+03 8.974716e+03 8.977534e+03
9.008232e+03 9.145776e+03 9.005974e+03 9.148034e+03
9.156505e+03 9.298119e+03 9.138628e+03 9.315996e+03
9.203255e+03 9.437369e+03 9.263698e+03 9.376926e+03
9.341219e+03 9.523774e+03 9.336222e+03 9.528771e+03
9.383676e+03 9.497633e+03 9.295714e+03 9.585594e+03
9.256114e+03 9.367215e+03 9.158449e+03 9.464880e+03
9.101704e+03 9.237653e+03 9.031341e+03 9.308016e+03
8.930543e+03 9.153169e+03 8.958387e+03 9.125326e+03
9.029175e+03 9.108782e+03 9.002469e+03 9.135488e+03
9.150541e+03 9.088443e+03 9.146701e+03 9.092283e+03
9.189959e+03 9.079868e+03 9.279744e+03 8.990083e+03
9.306044e+03 9.076684e+03 9.356268e+03 9.026460e+03
9.358557e+03 9.075698e+03 9.314000e+03 9.120255e+03
9.203193e+03 9.075560e+03 9.170604e+03 9.108150e+03
9.011154e+03 9.075905e+03 9.037925e+03 9.049134e+03
9.001666e+03 9.078632e+03 8.961175e+03 9.119122e+03
9.004471e+03 9.151601e+03 8.999697e+03 9.156374e+03
9.163791e+03 9.303950e+03 9.136129e+03 9.331612e+03
9.225406e+03 9.443192e+03 9.262944e+03 9.405655e+03
9.332182e+03 9.529572e+03 9.336202e+03 9.525552e+03
9.337517e+03 9.503378e+03 9.295970e+03 9.544924e+03
9.182657e+03 9.372863e+03 9.158814e+03 9.396706e+03
8.996914e+03 9.243163e+03 9.031600e+03 9.208477e+03
8.989869e+03 9.158509e+03 8.954255e+03 9.194123e+03
9.109865e+03 9.113946e+03 8.993975e+03 9.229836e+03
9.237630e+03 9.093429e+03 9.144689e+03 9.186370e+03
9.323108e+03 9.084669e+03 9.291673e+03 9.116104e+03
9.419509e+03 9.081280e+03 9.384735e+03 9.116054e+03
9.385980e+03 9.080061e+03 9.354373e+03 9.111668e+03
9.334995e+03 9.079655e+03 9.208389e+03 9.206261e+03
9.149402e+03 9.079692e+03 9.063730e+03 9.165365e+03
8.973356e+03 9.079688e+03 8.976068e+03 9.076976e+03
9.034451e+03 9.079638e+03 9.011267e+03 9.102822e+03
9.183094e+03 9.079541e+03 9.151056e+03 9.111578e+03
9.263439e+03 9.079395e+03 9.282117e+03 9.060717e+03
9.322605e+03 9.079197e+03 9.357852e+03 9.043951e+03
9.390869e+03 9.078954e+03 9.315319e+03 9.154504e+03
9.221655e+03 9.078673e+03 9.171856e+03 9.128473e+03
9.038341e+03 9.078347e+03 9.039223e+03 9.077465e+03
8.969329e+03 9.077966e+03 8.962944e+03 9.084351e+03
9.037914e+03 9.077515e+03 9.005387e+03 9.110042e+03
9.198090e+03 9.076984e+03 9.148946e+03 9.126128e+03
9.292216e+03 9.076378e+03 9.281778e+03 9.086815e+03
9.353513e+03 9.075704e+03 9.358307e+03 9.070910e+03
9.369616e+03 9.074977e+03 9.316128e+03 9.128465e+03
9.284035e+03 9.074204e+03 9.172848e+03 9.185391e+03
9.064684e+03 9.073383e+03 9.040158e+03 9.097909e+03
8.932193e+03 9.072509e+03 8.959507e+03 9.045195e+03
8.985791e+03 9.071576e+03 8.997632e+03 9.059736e+03
9.028733e+03 9.070582e+03 9.147726e+03 8.951590e+03
9.217850e+03 9.069536e+03 9.294559e+03 8.992827e+03
9.377669e+03 9.068448e+03 9.387689e+03 9.058428e+03
9.373856e+03 9.067326e+03 9.357479e+03 9.083703e+03
9.166326e+03 9.066176e+03 9.211665e+03 9.020837e+03
9.029392e+03 9.065004e+03 9.067172e+03 9.027224e+03
8.947762e+03 9.066200e+03 8.979272e+03 9.034690e+03
8.959615e+03 9.137633e+03 9.010800e+03 9.086449e+03
9.075241e+03 9.288447e+03 9.143757e+03 9.219931e+03
9.266713e+03 9.426166e+03 9.269148e+03 9.423731e+03
9.355229e+03 9.511044e+03 9.341999e+03 9.524274e+03
9.306375e+03 9.483379e+03 9.301807e+03 9.487947e+03
9.085500e+03 9.351437e+03 9.164833e+03 9.272104e+03
9.003928e+03 9.220363e+03 9.037999e+03 9.186291e+03
9.032748e+03 9.136784e+03 8.964934e+03 9.204598e+03
9.113118e+03 9.163622e+03 9.005458e+03 9.271282e+03
9.153935e+03 9.293982e+03 9.142997e+03 9.304920e+03
9.153248e+03 9.423104e+03 9.270539e+03 9.305813e+03
9.407674e+03 9.504864e+03 9.344373e+03 9.568165e+03
9.307325e+03 9.476362e+03 9.304636e+03 9.479051e+03
9.182028e+03 9.344514e+03 9.167886e+03 9.358656e+03
8.994693e+03 9.214101e+03 9.041143e+03 9.167651e+03
8.960470e+03 9.128888e+03 8.968508e+03 9.120850e+03
8.978152e+03 9.083932e+03 9.012910e+03 9.049174e+03
9.251471e+03 9.063204e+03 9.157560e+03 9.157115e+03
9.311635e+03 9.054430e+03 9.291133e+03 9.074932e+03
9.249005e+03 9.051237e+03 9.368268e+03 8.931975e+03
9.255389e+03 9.050389e+03 9.326598e+03 8.979180e+03
9.198938e+03 9.050471e+03 9.183686e+03 9.065723e+03
9.063809e+03 9.051119e+03 9.051228e+03 9.063700e+03
9.025988e+03 9.051888e+03 8.970731e+03 9.107146e+03
8.974497e+03 9.052891e+03 9.009040e+03 9.018348e+03
9.214389e+03 9.054261e+03 9.159472e+03 9.109178e+03
9.433475e+03 9.056034e+03 9.306383e+03 9.183125e+03
