Cluster Index	Voxels	P	-log10(P)	Z-MAX	Z-MAX X (mm)	Z-MAX Y (mm)	Z-MAX Z (mm)	Z-COG X (mm)	Z-COG Y (mm)	Z-COG Z (mm)	COPE-MAX	COPE-MAX X (mm)	COPE-MAX Y (mm)	COPE-MAX Z (mm)	COPE-MEAN
9	4993	0	103	17	-34.4	-79.2	-9.37	-0.734	-74.6	-2.45	1.2e+03	33.1	-94.4	-5.02	188
8	373	1.01e-17	17	8.94	-42.2	16.9	49	-34.8	12.4	43.7	229	-42.2	19.9	48.8	88.2
7	289	7.84e-15	14.1	11.1	37.1	15.2	22.1	41.2	9.99	32.1	460	42.4	10.6	47.4	116
6	166	5.1e-10	9.29	8.11	-18.5	-59.5	61	-18.9	-52.5	56	277	-21.4	-56.4	61.2	97.5
5	64	5.88e-05	4.23	8.5	35.1	29.3	-0.228	37	30	-1.23	209	37.9	29.3	-0.542	91.5
4	41	0.00171	2.77	4.25	1.92	13.9	51.6	2.78	8.28	52.3	111	4.8	10.8	51.4	62.4
3	38	0.00277	2.56	5.47	43.3	-30.5	31	42.9	-31.1	31.7	110	43.3	-30.5	31	59.9
2	34	0.00537	2.27	4.58	-45.7	-17.2	47.3	-47.6	-14.2	47.7	89.2	-50.7	-13.6	55	66.1
1	26	0.0218	1.66	5.59	2.7	15.7	29.5	2.73	19.2	32	141	2.7	15.7	29.5	96.2
