Cluster Index	Voxels	P	-log10(P)	Z-MAX	Z-MAX X (vox)	Z-MAX Y (vox)	Z-MAX Z (vox)	Z-COG X (vox)	Z-COG Y (vox)	Z-COG Z (vox)	COPE-MAX	COPE-MAX X (vox)	COPE-MAX Y (vox)	COPE-MAX Z (vox)	COPE-MEAN
9	4993	0	103	17	50	20	5	38.7	21.3	7.96	1.2e+03	27	15	8	188
8	373	1.01e-17	17	8.94	55	50	22	52.3	48.7	20.7	229	55	51	22	88.2
7	289	7.84e-15	14.1	11.1	27	50	17	25.9	48.1	19.8	460	26	48	24	116
6	166	5.1e-10	9.29	8.11	47	25	25	47	27.4	23.7	277	48	26	25	97.5
5	64	5.88e-05	4.23	8.5	27	55	11	26.3	55.3	10.8	209	26	55	11	91.5
4	41	0.00171	2.77	4.25	40	49	24	39.7	47.2	24.1	111	39	48	24	62.4
3	38	0.00277	2.56	5.47	25	35	19	25.1	34.8	19.2	110	25	35	19	59.9
2	34	0.00537	2.27	4.58	56	39	21	56.7	40	21.1	89.2	58	40	23	66.1
1	26	0.0218	1.66	5.59	39	50	18	39.1	51.1	18.7	141	39	50	18	96.2
