Cluster Index	Voxels	P	-log10(P)	Z-MAX	Z-MAX X (mm)	Z-MAX Y (mm)	Z-MAX Z (mm)	Z-COG X (mm)	Z-COG Y (mm)	Z-COG Z (mm)	COPE-MAX	COPE-MAX X (mm)	COPE-MAX Y (mm)	COPE-MAX Z (mm)	COPE-MEAN
9	6771	0	126	17.5	-31.5	-70	-10.1	-2.29	-66.8	4.79	1.2e+03	26.1	-64.5	-20.3	174
8	262	7.59e-14	13.1	11.8	37.1	15.2	22.1	45.9	14.6	21.6	329	40	15.2	21.8	121
7	199	2.11e-11	10.7	10.8	38.8	4.03	40.8	36.7	6.89	44.6	510	42.4	10.6	47.4	123
6	153	1.89e-09	8.72	8.56	34.7	32.1	-3.98	38.9	27.6	-2.59	204	37.6	32.1	-4.3	92.7
5	119	5.96e-08	7.22	7.19	8.93	28.2	31.9	3.71	20.9	30.5	257	5.68	27.9	28.6	102
4	74	1.55e-05	4.81	7.14	43.3	-30.5	31	45.7	-30.5	32.4	147	43.3	-30.5	31	64.8
3	35	0.00454	2.34	4.9	-54.3	-12.7	18.8	-54.9	-12.1	21.4	81.9	-56.8	-12.5	22.7	55.2
2	26	0.0218	1.66	5.43	-34.6	-1.02	8.81	-39	-2.7	7.44	93.2	-43.7	-4.26	6.3	66
1	22	0.0461	1.34	4.34	23.6	-50.1	12.1	20.7	-50.7	7.36	107	20.4	-53.4	9.01	79.2
