Cluster Index	Voxels	P	-log10(P)	Z-MAX	Z-MAX X (vox)	Z-MAX Y (vox)	Z-MAX Z (vox)	Z-COG X (vox)	Z-COG Y (vox)	Z-COG Z (vox)	COPE-MAX	COPE-MAX X (vox)	COPE-MAX Y (vox)	COPE-MAX Z (vox)	COPE-MEAN
9	6771	0	126	17.5	49	23	5	39.5	23.8	9.99	1.2e+03	29	25	4	174
8	262	7.59e-14	13.1	11.8	27	50	17	24	49.8	17.1	329	26	50	17	121
7	199	2.11e-11	10.7	10.8	27	46	22	27.8	46.9	23	510	26	48	24	123
6	153	1.89e-09	8.72	8.56	27	56	10	25.6	54.5	10.4	204	26	56	10	92.7
5	119	5.96e-08	7.22	7.19	37	54	19	38.7	51.7	18.4	257	38	54	18	102
4	74	1.55e-05	4.81	7.14	25	35	19	24.2	35	19.5	147	25	35	19	64.8
3	35	0.00454	2.34	4.9	58	41	13	58.3	41.2	13.7	81.9	59	41	14	55.2
2	26	0.0218	1.66	5.43	51	45	11	52.4	44.5	10.5	93.2	54	44	10	66
1	22	0.0461	1.34	4.34	31	29	13	31.8	28.9	11.6	107	32	28	12	79.2
